   1.570796608925    1.618162870407    1.604283452034    1.635823488235    1.650942087173    1.644851088524    1.644665598869    1.642970323563    1.663802266121    1.680024385452    1.655956149101    1.679557561874    1.672467827797    1.635520100594    1.752406716347    1.746047377586    1.697127223015    1.662944793701    1.717757225037    1.668489694595    1.747593402863    1.698795199394    1.722617745399    1.691834449768    1.699962377548    1.685298085213    1.743385910988    1.671494126320    1.684373617172    1.742007017136    1.692649245262    1.670929908752    1.693810343742    1.676340103149 
   1.618162870407    1.570796608925    1.599458694458    1.624093651772    1.676352500916    1.687809228897    1.687996983528    1.629471778870    1.655840396881    1.716666817665    1.682523131371    1.717386364937    1.676545858383    1.610162377357    1.743505597115    1.755257368088    1.742477655411    1.680082917213    1.735000014305    1.657076358795    1.737318515778    1.652875304222    1.725928306580    1.694610238075    1.722357749939    1.705918788910    1.720836639404    1.680252194405    1.668722152710    1.726047873497    1.664411902428    1.685822248459    1.689619064331    1.674485564232 
   1.604283452034    1.599458694458    1.570796370506    1.637529253960    1.674660563469    1.677255511284    1.675462841988    1.632741093636    1.637091636658    1.695540666580    1.683848619461    1.690414309502    1.682738900185    1.627518177032    1.728628516197    1.737525939941    1.729081749916    1.662296652794    1.709505438805    1.665788054466    1.725987315178    1.673729062080    1.723128080368    1.682112932205    1.709560632706    1.684154033661    1.724246621132    1.670887589455    1.663592815399    1.723281145096    1.662169337273    1.665354013443    1.674708843231    1.660504221916 
   1.635823488235    1.624093651772    1.637529253960    1.570796608925    1.686496973038    1.676781654358    1.676046609879    1.632579088211    1.691770792007    1.738074183464    1.686121582985    1.728957653046    1.630926489830    1.630872964859    1.784484624863    1.800158262253    1.731739163399    1.669478893280    1.764069437981    1.698883891106    1.788987040520    1.678577899933    1.765543580055    1.732034206390    1.760310411453    1.746293067932    1.769155144691    1.707647204399    1.716884732246    1.772388815880    1.704713582993    1.729705214500    1.736252188683    1.720825910568 
   1.650942087173    1.676352500916    1.674660563469    1.686496973038    1.570796608925    1.659331560135    1.652869582176    1.681180238724    1.733429789543    1.710082769394    1.635256052017    1.711054444313    1.722225904465    1.692850112915    1.813516974449    1.780472159386    1.683159112930    1.730419754982    1.776098847389    1.670621156693    1.780332922935    1.735537409782    1.738286733627    1.747961759567    1.688594937325    1.700027704239    1.776943445206    1.727443933487    1.705708026886    1.786856889725    1.757811665535    1.695637345314    1.746618032455    1.727910161018 
   1.644851088524    1.687809228897    1.677255511284    1.676781654358    1.659331560135    1.570796608925    1.601892709732    1.699875831604    1.725892066956    1.673394322395    1.641552090645    1.681901812553    1.676242113113    1.689935326576    1.806753873825    1.781706809998    1.631088972092    1.684794664383    1.746368408203    1.719022631645    1.807742476463    1.767494678497    1.751178860664    1.731735110283    1.718204259872    1.721563339233    1.801556825638    1.700187563896    1.751560211182    1.795737147331    1.759916424751    1.716783642769    1.749083399773    1.730248570442 
   1.644665598869    1.687996983528    1.675462841988    1.676046609879    1.652869582176    1.601892709732    1.570796370506    1.685968637466    1.724155306816    1.686774969101    1.658688783646    1.667509436607    1.683509945869    1.699625611305    1.809925675392    1.789177179337    1.629790067673    1.676635026932    1.748512506485    1.725280761719    1.806641936302    1.764356613159    1.768561720848    1.745517492294    1.724259853363    1.716231822968    1.811396479607    1.718974590302    1.743732571602    1.807186007500    1.763164997101    1.713872194290    1.754192948341    1.737279653549 
   1.642970323563    1.629471778870    1.632741093636    1.632579088211    1.681180238724    1.699875831604    1.685968637466    1.570796370506    1.677924871445    1.747203588486    1.710971713066    1.711835026741    1.686709523201    1.664577603340    1.772843122482    1.791785478592    1.744000196457    1.672799587250    1.756730794907    1.698326945305    1.762060999870    1.664496064186    1.777804255486    1.743121623993    1.752744674683    1.720574021339    1.768605709076    1.731674432755    1.677850127220    1.775188684464    1.700249910355    1.706874251366    1.727750778198    1.717260956764 
   1.663802266121    1.655840396881    1.637091636658    1.691770792007    1.733429789543    1.725892066956    1.724155306816    1.677924871445    1.570796370506    1.705453038216    1.741175889969    1.695571780205    1.725759983063    1.672333240509    1.668576955795    1.708181738853    1.772344827652    1.669365048409    1.666140556335    1.705442309380    1.691668033600    1.695416450500    1.734308004379    1.663269996643    1.729292988777    1.683149576187    1.713620781898    1.675352096558    1.668830037117    1.699484944344    1.627878785133    1.663812518120    1.638989090919    1.640106678009 
   1.680024385452    1.716666817665    1.695540666580    1.738074183464    1.710082769394    1.673394322395    1.686774969101    1.747203588486    1.705453038216    1.570796608925    1.691678404808    1.671382665634    1.747425556183    1.716343641281    1.746054887772    1.693841814995    1.693482995033    1.714523315430    1.676687479019    1.720514893532    1.752552866936    1.792223095894    1.698710203171    1.671320319176    1.667939305305    1.672945857048    1.760588288307    1.658991813660    1.741379737854    1.741235971451    1.740087985992    1.671697854996    1.693421602249    1.679314613342 
   1.655956149101    1.682523131371    1.683848619461    1.686121582985    1.635256052017    1.641552090645    1.658688783646    1.710971713066    1.741175889969    1.691678404808    1.570796608925    1.730088591576    1.702397704124    1.676978111267    1.814210414886    1.776488423347    1.678084731102    1.735283493996    1.774939179420    1.673221945763    1.796659588814    1.750975131989    1.711781144142    1.727909803391    1.692292690277    1.724021434784    1.769067645073    1.695929527283    1.738658428192    1.773940682411    1.758067607880    1.715186834335    1.746122241020    1.723728179932 
   1.679557561874    1.717386364937    1.690414309502    1.728957653046    1.711054444313    1.681901812553    1.667509436607    1.711835026741    1.695571780205    1.671382665634    1.730088591576    1.570796608925    1.745448827744    1.738304138184    1.760015606880    1.743754744530    1.689151048660    1.669880390167    1.682135939598    1.754241228104    1.764451384544    1.785948038101    1.777428030968    1.730045437813    1.719566106796    1.672446012497    1.807418942451    1.725347042084    1.729875087738    1.792738437653    1.750403404236    1.679492235184    1.722557783127    1.716331362724 
   1.672467827797    1.676545858383    1.682738900185    1.630926489830    1.722225904465    1.676242113113    1.683509945869    1.686709523201    1.725759983063    1.747425556183    1.702397704124    1.745448827744    1.570796370506    1.665991425514    1.812403678894    1.828105449677    1.727949023247    1.673160195351    1.779580235481    1.744626760483    1.833677172661    1.731712341309    1.791283965111    1.751744151115    1.792990922928    1.784334182739    1.807665705681    1.719210147858    1.771960854530    1.803669214249    1.740946888924    1.769526839256    1.769808292389    1.753894567490 
   1.635520100594    1.610162377357    1.627518177032    1.630872964859    1.692850112915    1.689935326576    1.699625611305    1.664577603340    1.672333240509    1.716343641281    1.676978111267    1.738304138184    1.665991425514    1.570796370506    1.748952627182    1.758451104164    1.748945951462    1.694015622139    1.742970943451    1.660614609718    1.752650022507    1.668144941330    1.712724804878    1.684604763985    1.729878783226    1.727224469185    1.714398860931    1.661742448807    1.698267459869    1.717401027679    1.668411374092    1.705777645111    1.695250511169    1.677500963211 
   1.752406716347    1.743505597115    1.728628516197    1.784484624863    1.813516974449    1.806753873825    1.809925675392    1.772843122482    1.668576955795    1.746054887772    1.814210414886    1.760015606880    1.812403678894    1.748952627182    1.570796370506    1.674968242645    1.847854256630    1.754683494568    1.667918443680    1.760419845581    1.665403962135    1.761644482613    1.745224356651    1.672983288765    1.761895418167    1.720704555511    1.703965544701    1.711482286453    1.721169233322    1.672274947166    1.665246725082    1.705636739731    1.642764210701    1.664338588715 
   1.746047377586    1.755257368088    1.737525939941    1.800158262253    1.780472159386    1.781706809998    1.789177179337    1.791785478592    1.708181738853    1.693841814995    1.776488423347    1.743754744530    1.828105449677    1.758451104164    1.674968242645    1.570796370506    1.809405565262    1.781061530113    1.673060417175    1.734190821648    1.666543483734    1.796330451965    1.684362530708    1.659454107285    1.686168670654    1.675090312958    1.700547456741    1.694405913353    1.724600315094    1.673413038254    1.718939423561    1.669246912003    1.647464394569    1.654796242714 
   1.697127223015    1.742477655411    1.729081749916    1.731739163399    1.683159112930    1.631088972092    1.629790067673    1.744000196457    1.772344827652    1.693482995033    1.678084731102    1.689151048660    1.727949023247    1.748945951462    1.847854256630    1.809405565262    1.570796608925    1.723835825920    1.774111747742    1.762677431107    1.843184351921    1.820204973221    1.787787914276    1.776448726654    1.735395908356    1.741515874863    1.849049806595    1.748517274857    1.789616465569    1.842423915863    1.812790036201    1.745419740677    1.791418910027    1.774158954620 
   1.662944793701    1.680082917213    1.662296652794    1.669478893280    1.730419754982    1.684794664383    1.676635026932    1.672799587250    1.669365048409    1.714523315430    1.735283493996    1.669880390167    1.673160195351    1.694015622139    1.754683494568    1.781061530113    1.723835825920    1.570796370506    1.705054640770    1.755409955978    1.784930586815    1.740433335304    1.793313860893    1.726780891418    1.771831393242    1.731235146523    1.800737142563    1.713221192360    1.737739086151    1.786700844765    1.713281631470    1.721726059914    1.727282285690    1.720129966736 
   1.717757225037    1.735000014305    1.709505438805    1.764069437981    1.776098847389    1.746368408203    1.748512506485    1.756730794907    1.666140556335    1.676687479019    1.774939179420    1.682135939598    1.779580235481    1.742970943451    1.667918443680    1.673060417175    1.774111747742    1.705054640770    1.570796370506    1.762582659721    1.713313579559    1.789025068283    1.745922923088    1.668848276138    1.730419754982    1.684615850449    1.756438136101    1.689879179001    1.734854102135    1.725024580956    1.705755949020    1.680010199547    1.662383437157    1.669544816017 
   1.668489694595    1.657076358795    1.665788054466    1.698883891106    1.670621156693    1.719022631645    1.725280761719    1.698326945305    1.705442309380    1.720514893532    1.673221945763    1.754241228104    1.744626760483    1.660614609718    1.760419845581    1.734190821648    1.762677431107    1.755409955978    1.762582659721    1.570796370506    1.719491243362    1.688372612000    1.671294689178    1.697445273399    1.675014019012    1.696032166481    1.682935595512    1.689615964890    1.665602445602    1.703703999519    1.699562907219    1.677480816841    1.692488789558    1.674229621887 
   1.747593402863    1.737318515778    1.725987315178    1.788987040520    1.780332922935    1.807742476463    1.806641936302    1.762060999870    1.691668033600    1.752552866936    1.796659588814    1.764451384544    1.833677172661    1.752650022507    1.665403962135    1.666543483734    1.843184351921    1.784930586815    1.713313579559    1.719491243362    1.570796370506    1.744660496712    1.722351431847    1.698559761047    1.718054056168    1.682139158249    1.676156640053    1.733365416527    1.667469263077    1.672705292702    1.687732696533    1.669759154320    1.648838877678    1.664110422134 
   1.698795199394    1.652875304222    1.673729062080    1.678577899933    1.735537409782    1.767494678497    1.764356613159    1.664496064186    1.695416450500    1.792223095894    1.750975131989    1.785948038101    1.731712341309    1.668144941330    1.761644482613    1.796330451965    1.820204973221    1.740433335304    1.789025068283    1.688372612000    1.744660496712    1.570796370506    1.767697095871    1.744152307510    1.777439713478    1.756962776184    1.720449328423    1.741885662079    1.676195144653    1.739723920822    1.672480106354    1.735475897789    1.724719285965    1.717762947083 
   1.722617745399    1.725928306580    1.723128080368    1.765543580055    1.738286733627    1.751178860664    1.768561720848    1.777804255486    1.734308004379    1.698710203171    1.711781144142    1.777428030968    1.791283965111    1.712724804878    1.745224356651    1.684362530708    1.787787914276    1.793313860893    1.745922923088    1.671294689178    1.722351431847    1.767697095871    1.570796608925    1.663452506065    1.665268182755    1.711932063103    1.670133709908    1.665232777596    1.730458736420    1.668561100960    1.725920915604    1.697233676910    1.684937000275    1.669274806976 
   1.691834449768    1.694610238075    1.682112932205    1.732034206390    1.747961759567    1.731735110283    1.745517492294    1.743121623993    1.663269996643    1.671320319176    1.727909803391    1.730045437813    1.751744151115    1.684604763985    1.672983288765    1.659454107285    1.776448726654    1.726780891418    1.668848276138    1.697445273399    1.698559761047    1.744152307510    1.663452506065    1.570796370506    1.697970747948    1.693501949310    1.678759455681    1.613650321960    1.713299632072    1.649152517319    1.664717435837    1.674411892891    1.624806046486    1.614558935165 
   1.699962377548    1.722357749939    1.709560632706    1.760310411453    1.688594937325    1.718204259872    1.724259853363    1.752744674683    1.729292988777    1.667939305305    1.692292690277    1.719566106796    1.792990922928    1.729878783226    1.761895418167    1.686168670654    1.735395908356    1.771831393242    1.730419754982    1.675014019012    1.718054056168    1.777439713478    1.665268182755    1.697970747948    1.570796608925    1.646854996681    1.726852178574    1.698896527290    1.703967809677    1.727075576782    1.748867869377    1.648146986961    1.695850610733    1.681636452675 
   1.685298085213    1.705918788910    1.684154033661    1.746293067932    1.700027704239    1.721563339233    1.716231822968    1.720574021339    1.683149576187    1.672945857048    1.724021434784    1.672446012497    1.784334182739    1.727224469185    1.720704555511    1.675090312958    1.741515874863    1.731235146523    1.684615850449    1.696032166481    1.682139158249    1.756962776184    1.711932063103    1.693501949310    1.646854996681    1.570796608925    1.733790516853    1.705990910530    1.666552901268    1.727516174316    1.718406677246    1.596053481102    1.667214512825    1.662787914276 
   1.743385910988    1.720836639404    1.724246621132    1.769155144691    1.776943445206    1.801556825638    1.811396479607    1.768605709076    1.713620781898    1.760588288307    1.769067645073    1.807418942451    1.807665705681    1.714398860931    1.703965544701    1.700547456741    1.849049806595    1.800737142563    1.756438136101    1.682935595512    1.676156640053    1.720449328423    1.670133709908    1.678759455681    1.726852178574    1.733790516853    1.570796370506    1.700978398323    1.700722813606    1.614888787270    1.676535129547    1.712005019188    1.667035460472    1.665433526039 
   1.671494126320    1.680252194405    1.670887589455    1.707647204399    1.727443933487    1.700187563896    1.718974590302    1.731674432755    1.675352096558    1.658991813660    1.695929527283    1.725347042084    1.719210147858    1.661742448807    1.711482286453    1.694405913353    1.748517274857    1.713221192360    1.689879179001    1.689615964890    1.733365416527    1.741885662079    1.665232777596    1.613650321960    1.698896527290    1.705990910530    1.700978398323    1.570796370506    1.725584983826    1.680355787277    1.680857777596    1.687693357468    1.659090518951    1.641165733337 
   1.684373617172    1.668722152710    1.663592815399    1.716884732246    1.705708026886    1.751560211182    1.743732571602    1.677850127220    1.668830037117    1.741379737854    1.738658428192    1.729875087738    1.771960854530    1.698267459869    1.721169233322    1.724600315094    1.789616465569    1.737739086151    1.734854102135    1.665602445602    1.667469263077    1.676195144653    1.730458736420    1.713299632072    1.703967809677    1.666552901268    1.700722813606    1.725584983826    1.570796608925    1.714091062546    1.676606774330    1.650359988213    1.673223137856    1.670725822449 
   1.742007017136    1.726047873497    1.723281145096    1.772388815880    1.786856889725    1.795737147331    1.807186007500    1.775188684464    1.699484944344    1.741235971451    1.773940682411    1.792738437653    1.803669214249    1.717401027679    1.672274947166    1.673413038254    1.842423915863    1.786700844765    1.725024580956    1.703703999519    1.672705292702    1.739723920822    1.668561100960    1.649152517319    1.727075576782    1.727516174316    1.614888787270    1.680355787277    1.714091062546    1.570796608925    1.667842745781    1.706455826759    1.644851088524    1.647740125656 
   1.692649245262    1.664411902428    1.662169337273    1.704713582993    1.757811665535    1.759916424751    1.763164997101    1.700249910355    1.627878785133    1.740087985992    1.758067607880    1.750403404236    1.740946888924    1.668411374092    1.665246725082    1.718939423561    1.812790036201    1.713281631470    1.705755949020    1.699562907219    1.687732696533    1.672480106354    1.725920915604    1.664717435837    1.748867869377    1.718406677246    1.676535129547    1.680857777596    1.676606774330    1.667842745781    1.570796370506    1.694675326347    1.643483519554    1.645964980125 
   1.670929908752    1.685822248459    1.665354013443    1.729705214500    1.695637345314    1.716783642769    1.713872194290    1.706874251366    1.663812518120    1.671697854996    1.715186834335    1.679492235184    1.769526839256    1.705777645111    1.705636739731    1.669246912003    1.745419740677    1.721726059914    1.680010199547    1.677480816841    1.669759154320    1.735475897789    1.697233676910    1.674411892891    1.648146986961    1.596053481102    1.712005019188    1.687693357468    1.650359988213    1.706455826759    1.694675326347    1.570796608925    1.646326065063    1.640096306801 
   1.693810820580    1.689619064331    1.674708843231    1.736252188683    1.746618032455    1.749083399773    1.754192948341    1.727750778198    1.638989090919    1.693421602249    1.746122598648    1.722557783127    1.769808292389    1.695250511169    1.642764210701    1.647464394569    1.791418910027    1.727282643318    1.662382721901    1.692488789558    1.648838877678    1.724719285965    1.684936523438    1.624807119370    1.695851087570    1.667215108871    1.667035460472    1.659090518951    1.673222541809    1.644851088524    1.643483519554    1.646326065063    1.570796608925    1.593973517418 
   1.676340103149    1.674485564232    1.660504221916    1.720825910568    1.727910161018    1.730248570442    1.737279653549    1.717260956764    1.640106678009    1.679314017296    1.723728179932    1.716331362724    1.753894567490    1.677500963211    1.664338588715    1.654796242714    1.774159193039    1.720129966736    1.669545412064    1.674229621887    1.664109826088    1.717762947083    1.669274806976    1.614558935165    1.681636452675    1.662787914276    1.665433526039    1.641165733337    1.670725822449    1.647740125656    1.645964980125    1.640095472336    1.593973517418    1.570796370506 
