0.000000 0.024983 0.033105 0.030422 0.052145 0.060177 0.063483 0.042086 0.064607 0.083612 0.055434 0.086780 0.056496 0.045717 0.100807 0.119008 0.079168 0.058446 0.109294 0.054520 0.103763 0.068329 0.136515 0.101033 0.111874 0.125825 0.117587 0.084856 0.086803 0.107358 0.074533 0.105751 0.089927 0.080139 
0.024983 0.000000 0.032050 0.052227 0.066014 0.070222 0.069687 0.049730 0.059287 0.084230 0.069571 0.099205 0.075456 0.045655 0.084177 0.105440 0.084301 0.044459 0.101381 0.045801 0.094899 0.064307 0.118402 0.076590 0.093419 0.104353 0.099831 0.063233 0.079336 0.084414 0.059624 0.087939 0.072544 0.062111 
0.033105 0.032050 0.000000 0.040966 0.076679 0.092064 0.087437 0.031088 0.049601 0.058418 0.081245 0.080868 0.076350 0.041265 0.090069 0.103714 0.107994 0.072039 0.084363 0.069200 0.097742 0.066219 0.116973 0.087113 0.087851 0.102242 0.119147 0.069815 0.054444 0.100048 0.067475 0.078070 0.071802 0.062038 
0.030422 0.052227 0.040966 0.000000 0.065488 0.074715 0.078953 0.045067 0.067747 0.075942 0.068569 0.063233 0.047598 0.048520 0.114266 0.126095 0.095170 0.088389 0.106151 0.073956 0.107909 0.081556 0.146379 0.123017 0.127897 0.142349 0.137330 0.107052 0.088704 0.128884 0.092010 0.116717 0.101257 0.092830 
0.052145 0.066014 0.076679 0.065488 0.000488 0.058807 0.055292 0.065466 0.112918 0.118120 0.010720 0.128256 0.078514 0.091671 0.140325 0.168079 0.075078 0.065977 0.159153 0.093261 0.153114 0.078985 0.183631 0.135903 0.136697 0.160341 0.155136 0.109293 0.122480 0.145754 0.111937 0.146485 0.138239 0.127776 
0.060177 0.070222 0.092064 0.074715 0.058807 0.000000 0.043018 0.098689 0.113657 0.133600 0.058768 0.122134 0.074320 0.083338 0.125419 0.156737 0.027447 0.074256 0.156069 0.064202 0.125794 0.094997 0.172092 0.135192 0.158601 0.171337 0.129227 0.123558 0.145965 0.131506 0.114417 0.156826 0.130713 0.122117 
0.063483 0.069687 0.087437 0.078953 0.055292 0.043018 0.000488 0.095164 0.123782 0.115959 0.062203 0.129929 0.100623 0.077400 0.111858 0.167352 0.037794 0.076427 0.153035 0.081847 0.133077 0.061285 0.168427 0.129211 0.140239 0.163096 0.145160 0.106899 0.137364 0.133900 0.126308 0.150275 0.131778 0.121826 
0.042086 0.049730 0.031088 0.045067 0.065466 0.098689 0.095164 0.000000 0.066335 0.073851 0.068659 0.094091 0.074175 0.069083 0.119631 0.125432 0.117866 0.075950 0.109233 0.089831 0.127002 0.077816 0.144539 0.107749 0.097902 0.117105 0.140359 0.084268 0.060994 0.123516 0.077885 0.095576 0.098477 0.089085 
0.064607 0.059287 0.049601 0.067747 0.112918 0.113657 0.123782 0.066335 0.000000 0.088044 0.113744 0.076247 0.077399 0.064348 0.099862 0.062591 0.132269 0.091989 0.069074 0.067285 0.078432 0.111749 0.099967 0.086598 0.107024 0.098046 0.094898 0.093232 0.065207 0.087765 0.044331 0.071034 0.052347 0.048860 
0.083612 0.084230 0.058418 0.075942 0.118120 0.133600 0.115959 0.073851 0.088044 0.000345 0.125645 0.083639 0.120686 0.059986 0.091780 0.126424 0.143275 0.123535 0.072462 0.114252 0.110518 0.072700 0.118127 0.113208 0.093571 0.116332 0.158261 0.092425 0.059289 0.130562 0.116675 0.088399 0.092047 0.085421 
0.055434 0.069571 0.081245 0.068569 0.010720 0.058768 0.062203 0.068659 0.113744 0.125645 0.000488 0.130798 0.074832 0.097360 0.146688 0.169035 0.077154 0.066421 0.163687 0.093951 0.156146 0.088858 0.187925 0.139499 0.142558 0.164069 0.154739 0.114940 0.126906 0.148016 0.111077 0.150453 0.141453 0.131253 
0.086780 0.099205 0.080868 0.063233 0.128256 0.122134 0.129929 0.094091 0.076247 0.083639 0.130798 0.000488 0.079094 0.069822 0.125050 0.116586 0.139535 0.141273 0.084522 0.102651 0.093316 0.125391 0.139483 0.147697 0.156961 0.160588 0.151080 0.144171 0.104799 0.147131 0.118217 0.128040 0.105666 0.102775 
0.056496 0.075456 0.076350 0.047598 0.078514 0.074320 0.100623 0.074175 0.077399 0.120686 0.074832 0.079094 0.000000 0.083916 0.144462 0.131665 0.100840 0.097607 0.132776 0.076877 0.120800 0.122337 0.168263 0.143710 0.160733 0.165813 0.134774 0.136886 0.120200 0.141349 0.093872 0.142277 0.120447 0.114033 
0.045717 0.045655 0.041265 0.048520 0.091671 0.083338 0.077400 0.069083 0.064348 0.059986 0.097360 0.069822 0.083916 0.000000 0.067299 0.104099 0.093090 0.088037 0.076909 0.058340 0.071354 0.064937 0.106790 0.093682 0.107663 0.118481 0.113804 0.084581 0.083120 0.097516 0.088243 0.093898 0.069576 0.061431 
0.100807 0.084177 0.090069 0.114266 0.140325 0.125419 0.111858 0.119631 0.099862 0.091780 0.146688 0.125050 0.144462 0.067299 0.000488 0.101367 0.123249 0.109206 0.081143 0.084514 0.067426 0.085386 0.066198 0.067294 0.095384 0.096666 0.100717 0.075258 0.106205 0.069040 0.107496 0.085625 0.061168 0.057942 
0.119008 0.105440 0.103714 0.126095 0.168079 0.156737 0.167352 0.125432 0.062591 0.126424 0.169035 0.116586 0.131665 0.104099 0.101367 0.000488 0.169567 0.129105 0.068981 0.094773 0.067601 0.152093 0.064357 0.084384 0.123724 0.091406 0.073701 0.115365 0.101274 0.071649 0.070200 0.073611 0.045372 0.054502 
0.079168 0.084301 0.107994 0.095170 0.075078 0.027447 0.037794 0.117866 0.132269 0.143275 0.077154 0.139535 0.100840 0.093090 0.123249 0.169567 0.000488 0.084432 0.166792 0.075794 0.131970 0.095160 0.176368 0.139801 0.164639 0.179109 0.135408 0.127919 0.160644 0.135402 0.131264 0.167337 0.140222 0.131735 
0.058446 0.044459 0.072039 0.088389 0.065977 0.074256 0.076427 0.075950 0.091989 0.123535 0.066421 0.141273 0.097607 0.088037 0.109206 0.129105 0.084432 0.000345 0.139953 0.063948 0.126888 0.083512 0.142707 0.082349 0.103211 0.113567 0.101761 0.068836 0.108691 0.090037 0.068936 0.109784 0.100266 0.090802 
0.109294 0.101381 0.084363 0.106151 0.159153 0.156069 0.153035 0.109233 0.069074 0.072462 0.163687 0.084522 0.132776 0.076909 0.081143 0.068981 0.166792 0.139953 0.000000 0.108167 0.067470 0.122232 0.064842 0.097809 0.107938 0.098028 0.122835 0.107618 0.073648 0.101829 0.100868 0.066815 0.053149 0.056485 
0.054520 0.045801 0.069200 0.073956 0.093261 0.064202 0.081847 0.089831 0.067285 0.114252 0.093951 0.102651 0.076877 0.058340 0.084514 0.094773 0.075794 0.063948 0.108167 0.000000 0.072191 0.097471 0.114287 0.086058 0.126213 0.123181 0.070486 0.093362 0.113064 0.074292 0.066018 0.108242 0.072900 0.066702 
0.103763 0.094899 0.097742 0.107909 0.153114 0.125794 0.133077 0.127002 0.078432 0.110518 0.156146 0.093316 0.120800 0.071354 0.067426 0.067601 0.131970 0.126888 0.067470 0.072191 0.000345 0.127133 0.070781 0.097470 0.137906 0.123521 0.082539 0.118379 0.118797 0.080428 0.098871 0.102309 0.056498 0.060002 
0.068329 0.064307 0.066219 0.081556 0.078985 0.094997 0.061285 0.077816 0.111749 0.072700 0.088858 0.125391 0.122337 0.064937 0.085386 0.152093 0.095160 0.083512 0.122232 0.097471 0.127133 0.000000 0.139311 0.102506 0.091085 0.124409 0.148954 0.068259 0.097006 0.120568 0.118213 0.111770 0.109127 0.098732 
0.136515 0.118402 0.116973 0.146379 0.183631 0.172092 0.168427 0.144539 0.099967 0.118127 0.187925 0.139483 0.168263 0.106790 0.066198 0.064357 0.176368 0.142707 0.064842 0.114287 0.070781 0.139311 0.000345 0.072138 0.105821 0.078481 0.095399 0.102660 0.108712 0.067591 0.106959 0.068988 0.050280 0.058553 
0.101033 0.076590 0.087113 0.123017 0.135903 0.135192 0.129211 0.107749 0.086598 0.113208 0.139499 0.147697 0.143710 0.093682 0.067294 0.084384 0.139801 0.082349 0.097809 0.086058 0.097470 0.102506 0.072138 0.000488 0.063091 0.046036 0.077490 0.044290 0.089392 0.034601 0.067887 0.053704 0.051694 0.048046 
0.111874 0.093419 0.087851 0.127897 0.136697 0.158601 0.140239 0.097902 0.107024 0.093571 0.142558 0.156961 0.160733 0.107663 0.095384 0.123724 0.164639 0.103211 0.107938 0.126213 0.137906 0.091085 0.105821 0.063091 0.000488 0.048206 0.138299 0.039155 0.065595 0.097162 0.099357 0.053847 0.088160 0.082086 
0.125825 0.104353 0.102242 0.142349 0.160341 0.171337 0.163096 0.117105 0.098046 0.116332 0.164069 0.160588 0.165813 0.118481 0.096666 0.091406 0.179109 0.113567 0.098028 0.123181 0.123521 0.124409 0.078481 0.046036 0.048206 0.000000 0.111727 0.061728 0.077254 0.073009 0.084242 0.034556 0.068839 0.068252 
0.117587 0.099831 0.119147 0.137330 0.155136 0.129227 0.145160 0.140359 0.094898 0.158261 0.154739 0.151080 0.134774 0.113804 0.100717 0.073701 0.135408 0.101761 0.122835 0.070486 0.082539 0.148954 0.095399 0.077490 0.138299 0.111727 0.000345 0.112614 0.139758 0.045542 0.074468 0.109868 0.074635 0.076811 
0.084856 0.063233 0.069815 0.107052 0.109293 0.123558 0.106899 0.084268 0.093232 0.092425 0.114940 0.144171 0.136886 0.084581 0.075258 0.115365 0.127919 0.068836 0.107618 0.093362 0.118379 0.068259 0.102660 0.044290 0.039155 0.061728 0.112614 0.000000 0.074906 0.074418 0.080741 0.063252 0.075256 0.066486 
0.086803 0.079336 0.054444 0.088704 0.122480 0.145965 0.137364 0.060994 0.065207 0.059289 0.126906 0.104799 0.120200 0.083120 0.106205 0.101274 0.160644 0.108691 0.073648 0.113064 0.118797 0.097006 0.108712 0.089392 0.065595 0.077254 0.139758 0.074906 0.000000 0.111694 0.081513 0.049809 0.075527 0.069950 
0.107358 0.084414 0.100048 0.128884 0.145754 0.131506 0.133900 0.123516 0.087765 0.130562 0.148016 0.147131 0.141349 0.097516 0.069040 0.071649 0.135402 0.090037 0.101829 0.074292 0.080428 0.120568 0.067591 0.034601 0.097162 0.073009 0.045542 0.074418 0.111694 0.000488 0.068810 0.075580 0.050268 0.050673 
0.074533 0.059624 0.067475 0.092010 0.111937 0.114417 0.126308 0.077885 0.044331 0.116675 0.111077 0.118217 0.093872 0.088243 0.107496 0.070200 0.131264 0.068936 0.100868 0.066018 0.098871 0.118213 0.106959 0.067887 0.099357 0.084242 0.074468 0.080741 0.081513 0.068810 0.000345 0.072324 0.060887 0.056730 
0.105751 0.087939 0.078070 0.116717 0.146485 0.156826 0.150275 0.095576 0.071034 0.088399 0.150453 0.128040 0.142277 0.093898 0.085625 0.073611 0.167337 0.109784 0.066815 0.108242 0.102309 0.111770 0.068988 0.053704 0.053847 0.034556 0.109868 0.063252 0.049809 0.075580 0.072324 0.000488 0.047899 0.046942 
0.089927 0.072544 0.071802 0.101257 0.138239 0.130713 0.131778 0.098477 0.052347 0.092047 0.141453 0.105666 0.120447 0.069576 0.061168 0.045372 0.140222 0.100266 0.053149 0.072900 0.056498 0.109127 0.050280 0.051694 0.088160 0.068839 0.074635 0.075256 0.075527 0.050268 0.060887 0.047899 0.000488 0.011134 
0.080139 0.062111 0.062038 0.092830 0.127776 0.122117 0.121826 0.089085 0.048860 0.085421 0.131253 0.102775 0.114033 0.061431 0.057942 0.054502 0.131735 0.090802 0.056487 0.066702 0.060002 0.098732 0.058553 0.048046 0.082086 0.068252 0.076811 0.066486 0.069950 0.050673 0.056730 0.046942 0.011134 0.000488 
