0.000000 0.008474 0.022924 0.018721 0.032029 0.044549 0.040388 0.033633 0.053146 0.104102 0.034553 0.052688 0.053417 0.016771 0.195239 0.249096 0.072495 0.040957 0.090871 0.028372 0.219118 0.034055 0.179012 0.160184 0.130655 0.184460 0.221249 0.101635 0.068709 0.180004 0.076055 0.097394 0.116950 0.089676 
0.008474 0.000000 0.017807 0.031174 0.063744 0.055117 0.070876 0.022092 0.033604 0.068140 0.061648 0.102201 0.079888 0.027410 0.197263 0.216650 0.090025 0.017836 0.086043 0.019210 0.193354 0.039464 0.131445 0.140582 0.146938 0.187886 0.161537 0.095709 0.093463 0.143829 0.038250 0.105050 0.096406 0.071684 
0.022924 0.017807 0.000000 0.017228 0.088643 0.122663 0.123220 0.018548 0.017272 0.036554 0.090335 0.097132 0.071868 0.008717 0.141225 0.154503 0.172482 0.065090 0.083089 0.048060 0.174233 0.080738 0.121470 0.067670 0.065186 0.098309 0.119538 0.031372 0.064661 0.081297 0.045371 0.048756 0.060818 0.039300 
0.018721 0.031174 0.017228 0.000000 0.076624 0.115127 0.083309 0.018766 0.067814 0.080826 0.087146 0.046968 0.019227 0.015380 0.218266 0.263934 0.147537 0.081585 0.145357 0.082527 0.282853 0.047671 0.227639 0.131940 0.077245 0.149001 0.221058 0.057039 0.085403 0.162970 0.108855 0.087652 0.135821 0.103279 
0.032029 0.063744 0.088643 0.076624 0.000000 0.037330 0.029335 0.130258 0.115346 0.232735 0.001481 0.041032 0.113546 0.051676 0.188374 0.303085 0.057665 0.113443 0.085680 0.049897 0.224432 0.094078 0.243932 0.244496 0.186836 0.232159 0.350013 0.191500 0.051473 0.281720 0.157170 0.124919 0.163339 0.141016 
0.044549 0.055117 0.122663 0.115127 0.037330 0.000000 0.020271 0.128633 0.144394 0.244352 0.032842 0.113589 0.147831 0.106864 0.309683 0.391761 0.006785 0.053209 0.134510 0.042851 0.282473 0.057035 0.254153 0.336869 0.316098 0.371515 0.367385 0.274476 0.149621 0.346696 0.140442 0.231853 0.224852 0.196792 
0.040388 0.070876 0.123220 0.083309 0.029335 0.020271 0.000000 0.120853 0.178780 0.266025 0.035653 0.051958 0.084079 0.095603 0.347005 0.459620 0.017631 0.088520 0.185991 0.084668 0.371552 0.039486 0.347370 0.354805 0.276565 0.365919 0.440333 0.258832 0.145463 0.388037 0.200932 0.232040 0.272683 0.235535 
0.033633 0.022092 0.018548 0.018766 0.130258 0.128633 0.120853 0.000000 0.056608 0.037822 0.135745 0.119354 0.048342 0.041291 0.260896 0.257282 0.165392 0.044727 0.165251 0.080337 0.285046 0.042743 0.187980 0.130547 0.120408 0.185456 0.159382 0.063819 0.144016 0.137695 0.067811 0.124477 0.134547 0.101792 
0.053146 0.033604 0.017272 0.067814 0.115346 0.144394 0.178780 0.056608 0.000000 0.037985 0.107511 0.168974 0.158149 0.031821 0.090005 0.080884 0.209104 0.077434 0.041616 0.035825 0.089085 0.142003 0.047505 0.045925 0.092813 0.086157 0.063955 0.048825 0.066085 0.043623 0.015583 0.041852 0.018158 0.008301 
0.104102 0.068140 0.036554 0.080826 0.232735 0.244352 0.266025 0.037822 0.037985 0.000000 0.230531 0.242918 0.154120 0.079083 0.206687 0.146111 0.311917 0.099857 0.158694 0.117404 0.212807 0.154814 0.108211 0.057166 0.109478 0.127632 0.049414 0.038509 0.173399 0.045732 0.043001 0.105044 0.080618 0.061147 
0.034553 0.061648 0.090335 0.087146 0.001481 0.032842 0.035653 0.135745 0.107511 0.230531 0.000000 0.057514 0.133192 0.055509 0.176249 0.284542 0.055874 0.107219 0.070913 0.039553 0.199190 0.101993 0.219943 0.240736 0.197856 0.233222 0.333273 0.197507 0.051170 0.272316 0.143302 0.124406 0.150722 0.131191 
0.052688 0.102201 0.097132 0.046968 0.041032 0.113589 0.051958 0.119354 0.168974 0.242918 0.057514 0.000000 0.043030 0.056025 0.263672 0.394382 0.127310 0.176237 0.188401 0.136282 0.368774 0.092218 0.373532 0.258421 0.135361 0.226059 0.424284 0.161719 0.082142 0.321359 0.241849 0.139775 0.236508 0.201260 
0.053417 0.079888 0.071868 0.019227 0.113546 0.147831 0.084079 0.048342 0.158149 0.154120 0.133192 0.043030 0.000000 0.064517 0.353259 0.422801 0.161652 0.127405 0.258867 0.158489 0.445153 0.043985 0.375612 0.238717 0.134849 0.249794 0.355932 0.121110 0.159907 0.283906 0.206990 0.176136 0.256887 0.211461 
0.016771 0.027410 0.008717 0.015380 0.051676 0.106864 0.095603 0.041291 0.031821 0.079083 0.055509 0.056025 0.064517 0.000000 0.120426 0.169146 0.152042 0.089358 0.070022 0.047982 0.173278 0.087014 0.150673 0.085142 0.055934 0.091861 0.172616 0.044768 0.031761 0.112995 0.076403 0.036297 0.069340 0.048437 
0.195239 0.197263 0.141225 0.218266 0.188374 0.309683 0.347005 0.260896 0.090005 0.206687 0.176249 0.263672 0.353259 0.120426 0.000000 0.038697 0.401121 0.304891 0.043789 0.147532 0.039883 0.389315 0.098653 0.073631 0.116413 0.050459 0.164582 0.132700 0.052767 0.094785 0.154076 0.036050 0.035254 0.047317 
0.249096 0.216650 0.154503 0.263934 0.303085 0.391761 0.459620 0.257282 0.080884 0.146111 0.284542 0.394382 0.422801 0.169146 0.038697 0.000000 0.500598 0.301643 0.083157 0.178908 0.037557 0.435703 0.043859 0.044171 0.152956 0.066549 0.062253 0.126136 0.138694 0.034952 0.114400 0.073272 0.024864 0.040358 
0.072495 0.090025 0.172482 0.147537 0.057665 0.006785 0.017631 0.165392 0.209104 0.311917 0.055874 0.127310 0.161652 0.152042 0.401121 0.500598 0.000000 0.078777 0.199582 0.083402 0.375001 0.061800 0.342316 0.428801 0.387015 0.463198 0.465316 0.345373 0.204923 0.442916 0.202569 0.305783 0.307946 0.273609 
0.040957 0.017836 0.065090 0.081585 0.113443 0.053209 0.088520 0.044727 0.077434 0.099857 0.107219 0.176237 0.127405 0.089358 0.304891 0.301643 0.078777 0.000000 0.143608 0.038163 0.257241 0.037694 0.162231 0.228124 0.260030 0.307935 0.197194 0.176778 0.185138 0.212415 0.050428 0.202732 0.162667 0.133983 
0.090871 0.086043 0.083089 0.145357 0.085680 0.134510 0.185991 0.165251 0.041616 0.158694 0.070913 0.188401 0.258867 0.070022 0.043789 0.083157 0.199582 0.143608 0.000000 0.036876 0.032964 0.225034 0.057771 0.110308 0.158646 0.120164 0.151421 0.141685 0.039246 0.115540 0.067579 0.056782 0.029734 0.031646 
0.028372 0.019210 0.048060 0.082527 0.049897 0.042851 0.084668 0.080337 0.035825 0.117404 0.039553 0.136282 0.158489 0.047982 0.147532 0.178908 0.083402 0.038163 0.036876 0.000000 0.118234 0.091990 0.091021 0.157722 0.189792 0.197778 0.169118 0.143909 0.074965 0.155439 0.036356 0.104841 0.074830 0.060778 
0.219118 0.193354 0.174233 0.282853 0.224432 0.282473 0.371552 0.285046 0.089085 0.212807 0.199190 0.368774 0.445153 0.173278 0.039883 0.037557 0.375001 0.257241 0.032964 0.118234 0.000000 0.401522 0.034012 0.122343 0.235316 0.142861 0.126576 0.207752 0.118009 0.108855 0.106548 0.104874 0.037849 0.055606 
0.034055 0.039464 0.080738 0.047671 0.094078 0.057035 0.039486 0.042743 0.142003 0.154814 0.101993 0.092218 0.043985 0.087014 0.389315 0.435703 0.061800 0.037694 0.225034 0.091990 0.401522 0.000000 0.310466 0.294685 0.245194 0.346193 0.332166 0.190336 0.196036 0.309277 0.143437 0.233860 0.255115 0.211803 
0.179012 0.131445 0.121470 0.227639 0.243932 0.254153 0.347370 0.187980 0.047505 0.108211 0.219943 0.373532 0.375612 0.150673 0.098653 0.043859 0.342316 0.162231 0.057771 0.091021 0.034012 0.310466 0.000000 0.091403 0.225638 0.155890 0.041679 0.156779 0.159010 0.058418 0.035750 0.118236 0.029282 0.037383 
0.160184 0.140582 0.067670 0.131940 0.244496 0.336869 0.354805 0.130547 0.045925 0.057166 0.240736 0.258421 0.238717 0.085142 0.073631 0.044171 0.428801 0.228124 0.110308 0.157722 0.122343 0.294685 0.091403 0.000000 0.046072 0.019782 0.055014 0.023885 0.104335 0.008923 0.093780 0.030771 0.030244 0.027321 
0.130655 0.146938 0.065186 0.077245 0.186836 0.316098 0.276565 0.120408 0.092813 0.109478 0.197856 0.135361 0.134849 0.055934 0.116413 0.152956 0.387015 0.260030 0.158646 0.189792 0.235316 0.245194 0.225638 0.046072 0.000000 0.024605 0.187664 0.018494 0.073300 0.092226 0.178412 0.028074 0.098511 0.082421 
0.184460 0.187886 0.098309 0.149001 0.232159 0.371515 0.365919 0.185456 0.086157 0.127632 0.233222 0.226059 0.249794 0.091861 0.050459 0.066549 0.463198 0.307935 0.120164 0.197778 0.142861 0.346193 0.155890 0.019782 0.024605 0.000000 0.136982 0.040624 0.075016 0.052776 0.166657 0.017185 0.054906 0.053808 
0.221249 0.161537 0.119538 0.221058 0.350013 0.367385 0.440333 0.159382 0.063955 0.049414 0.333273 0.424284 0.355932 0.172616 0.164582 0.062253 0.465316 0.197194 0.151421 0.169118 0.126576 0.332166 0.041679 0.055014 0.187664 0.136982 0.000000 0.104591 0.229100 0.019996 0.055615 0.135567 0.058032 0.058967 
0.101635 0.095709 0.031372 0.057039 0.191500 0.274476 0.258832 0.063819 0.048825 0.038509 0.197507 0.161719 0.121110 0.044768 0.132700 0.126136 0.345373 0.176778 0.141685 0.143909 0.207752 0.190336 0.156779 0.023885 0.018494 0.040624 0.104591 0.000000 0.095705 0.046458 0.102274 0.036818 0.069241 0.051659 
0.068709 0.093463 0.064661 0.085403 0.051473 0.149621 0.145463 0.144016 0.066085 0.173399 0.051170 0.082142 0.159907 0.031761 0.052767 0.138694 0.204923 0.185138 0.039246 0.074965 0.118009 0.196036 0.159010 0.104335 0.073300 0.075016 0.229100 0.095705 0.000000 0.144308 0.133401 0.023516 0.064629 0.056425 
0.180004 0.143829 0.081297 0.162970 0.281720 0.346696 0.388037 0.137695 0.043623 0.045732 0.272316 0.321359 0.283906 0.112995 0.094785 0.034952 0.442916 0.212415 0.115540 0.155439 0.108855 0.309277 0.058418 0.008923 0.092226 0.052776 0.019996 0.046458 0.144308 0.000000 0.069804 0.061001 0.028658 0.028363 
0.076055 0.038250 0.045371 0.108855 0.157170 0.140442 0.200932 0.067811 0.015583 0.043001 0.143302 0.241849 0.206990 0.076403 0.154076 0.114400 0.202569 0.050428 0.067579 0.036356 0.106548 0.143437 0.035750 0.093780 0.178412 0.166657 0.055615 0.102274 0.133401 0.069804 0.000000 0.107515 0.046102 0.035945 
0.097394 0.105050 0.048756 0.087652 0.124919 0.231853 0.232040 0.124477 0.041852 0.105044 0.124406 0.139775 0.176136 0.036297 0.036050 0.073272 0.305783 0.202732 0.056782 0.104841 0.104874 0.233860 0.118236 0.030771 0.028074 0.017185 0.135567 0.036818 0.023516 0.061001 0.107515 0.000000 0.030164 0.024681 
0.116950 0.096406 0.060818 0.135821 0.163339 0.224852 0.272683 0.134547 0.018158 0.080618 0.150722 0.236508 0.256887 0.069340 0.035254 0.024864 0.307946 0.162667 0.029734 0.074830 0.037849 0.255115 0.029282 0.030244 0.098511 0.054906 0.058032 0.069241 0.064629 0.028658 0.046102 0.030164 0.000000 0.002353 
0.089676 0.071684 0.039300 0.103279 0.141016 0.196792 0.235535 0.101792 0.008301 0.061147 0.131191 0.201260 0.211461 0.048437 0.047317 0.040358 0.273609 0.133983 0.031646 0.060778 0.055606 0.211803 0.037383 0.027321 0.082421 0.053808 0.058967 0.051659 0.056425 0.028363 0.035945 0.024681 0.002353 0.000000 
