0.000000 0.005361 0.027626 0.030509 0.028867 0.040936 0.037586 0.010569 0.048714 0.112666 0.031564 0.065760 0.041213 0.039913 0.242773 0.166726 0.070881 0.028315 0.188497 0.037944 0.138318 0.042202 0.138189 0.147531 0.158106 0.117113 0.314975 0.152123 0.079513 0.210170 0.047993 0.062369 0.108343 0.095379 
0.005361 0.000000 0.019968 0.030213 0.054925 0.060621 0.046478 0.016308 0.032644 0.087687 0.060554 0.076283 0.057405 0.020050 0.194838 0.146740 0.087108 0.020939 0.149336 0.018166 0.092494 0.071918 0.100907 0.135003 0.172033 0.126151 0.278627 0.144146 0.082433 0.187788 0.038764 0.070789 0.083653 0.072731 
0.027626 0.019968 0.000000 0.021986 0.108099 0.097703 0.112174 0.009983 0.014870 0.030164 0.108392 0.166472 0.077584 0.015682 0.155340 0.136140 0.145285 0.067483 0.081909 0.054127 0.074677 0.065529 0.111745 0.078719 0.099330 0.088571 0.183316 0.065797 0.025142 0.125078 0.049500 0.043035 0.055870 0.038801 
0.030509 0.030213 0.021986 0.000000 0.089306 0.134097 0.133424 0.016769 0.070331 0.061811 0.093539 0.124612 0.023403 0.023217 0.283128 0.259602 0.192947 0.043251 0.168595 0.086087 0.140010 0.059909 0.206717 0.180145 0.172336 0.175785 0.321033 0.143619 0.052112 0.250468 0.116513 0.103065 0.145923 0.118006 
0.028867 0.054925 0.108099 0.089306 0.000000 0.035091 0.031556 0.057895 0.143253 0.249098 0.001120 0.039383 0.051230 0.131397 0.409646 0.264639 0.057309 0.063125 0.357685 0.102824 0.285879 0.046786 0.252009 0.262273 0.236326 0.180847 0.498665 0.273077 0.166180 0.347114 0.111586 0.120168 0.225471 0.212787 
0.040936 0.060621 0.097703 0.134097 0.035091 0.000000 0.020485 0.063664 0.092140 0.229958 0.030007 0.110526 0.133843 0.144038 0.273657 0.126921 0.009506 0.115139 0.271168 0.085399 0.231001 0.061350 0.157285 0.149027 0.151217 0.080208 0.344094 0.188151 0.144645 0.205564 0.044563 0.055313 0.131771 0.132275 
0.037586 0.046478 0.112174 0.133424 0.031556 0.020485 0.000000 0.081876 0.106552 0.249129 0.035873 0.050350 0.124454 0.124657 0.286404 0.158179 0.015226 0.066182 0.298936 0.048507 0.206917 0.108863 0.137808 0.213169 0.252895 0.156711 0.415358 0.264324 0.201623 0.269635 0.053984 0.113327 0.154582 0.157826 
0.010569 0.016308 0.009983 0.016769 0.057895 0.063664 0.081876 0.000000 0.036825 0.070059 0.056547 0.122582 0.043687 0.034327 0.225319 0.166788 0.110892 0.056394 0.145268 0.064753 0.131282 0.027252 0.154121 0.110379 0.102553 0.089815 0.254997 0.095716 0.032905 0.171657 0.057585 0.040105 0.093186 0.074374 
0.048714 0.032644 0.014870 0.070331 0.143253 0.092140 0.106552 0.036825 0.000000 0.043542 0.142955 0.203821 0.147792 0.033487 0.080090 0.064061 0.123304 0.098716 0.050404 0.040315 0.042885 0.109560 0.050367 0.040311 0.096536 0.062313 0.120797 0.054200 0.050703 0.066645 0.018880 0.035101 0.014035 0.008053 
0.112666 0.087687 0.030164 0.061811 0.249098 0.229958 0.249129 0.070059 0.043542 0.000000 0.250342 0.309952 0.161023 0.036286 0.133818 0.185695 0.295074 0.146403 0.036080 0.119979 0.058024 0.160695 0.144708 0.090968 0.130551 0.149019 0.131354 0.057656 0.039040 0.122560 0.119435 0.103472 0.071631 0.048849 
0.031564 0.060554 0.108392 0.093539 0.001120 0.030007 0.035873 0.056547 0.142955 0.250342 0.000000 0.053688 0.056476 0.139987 0.410137 0.258426 0.054705 0.076903 0.356473 0.113243 0.295757 0.037767 0.258448 0.250413 0.215835 0.164707 0.486826 0.259704 0.157347 0.335339 0.110682 0.108749 0.223063 0.210181 
0.065760 0.076283 0.166472 0.124612 0.039383 0.110526 0.050350 0.122582 0.203821 0.309952 0.053688 0.000000 0.075686 0.141801 0.469252 0.354652 0.114739 0.035365 0.432999 0.094539 0.291133 0.153272 0.269469 0.392738 0.417451 0.330864 0.636517 0.416716 0.281680 0.478059 0.169329 0.243008 0.298979 0.288825 
0.041213 0.057405 0.077584 0.023403 0.051230 0.133843 0.124454 0.043687 0.147792 0.161023 0.056476 0.075686 0.000000 0.078871 0.437561 0.364881 0.190027 0.044995 0.311292 0.130086 0.255679 0.054315 0.309236 0.292176 0.251257 0.247453 0.495547 0.252653 0.117222 0.386783 0.175654 0.159426 0.252376 0.221031 
0.039913 0.020050 0.015682 0.023217 0.131397 0.144038 0.124657 0.034327 0.033487 0.036286 0.139987 0.141801 0.078871 0.000000 0.167854 0.180263 0.184858 0.038363 0.096809 0.037349 0.052045 0.120922 0.107642 0.138623 0.191575 0.168629 0.237367 0.128320 0.072166 0.183796 0.075014 0.105278 0.081719 0.064448 
0.242773 0.194838 0.155340 0.283128 0.409646 0.273657 0.286404 0.225319 0.080090 0.133818 0.410137 0.469252 0.437561 0.167854 0.000000 0.049021 0.284148 0.302234 0.040039 0.145381 0.048401 0.363860 0.036935 0.066941 0.213923 0.152930 0.049450 0.119576 0.205032 0.041704 0.099698 0.159797 0.031304 0.043212 
0.166726 0.146740 0.136140 0.259602 0.264639 0.126921 0.158179 0.166788 0.064061 0.185695 0.258426 0.354652 0.364881 0.180263 0.049021 0.000000 0.125432 0.260231 0.107968 0.114205 0.111356 0.244298 0.037777 0.042596 0.142574 0.061772 0.100495 0.111864 0.180088 0.036348 0.036847 0.078792 0.027286 0.044070 
0.070881 0.087108 0.145285 0.192947 0.057309 0.009506 0.015226 0.110892 0.123304 0.295074 0.054705 0.114739 0.190027 0.184858 0.284148 0.125432 0.000000 0.137587 0.318095 0.089979 0.252638 0.118101 0.149857 0.187758 0.217084 0.116405 0.389447 0.251672 0.216735 0.237071 0.053672 0.095817 0.154044 0.163309 
0.028315 0.020939 0.067483 0.043251 0.063125 0.115139 0.066182 0.056394 0.098716 0.146403 0.076903 0.035365 0.044995 0.038363 0.302234 0.260231 0.137587 0.000000 0.244745 0.036655 0.141539 0.122229 0.166958 0.259100 0.303522 0.248016 0.430391 0.263840 0.160668 0.325796 0.106087 0.165784 0.174848 0.159946 
0.188497 0.149336 0.081909 0.168595 0.357685 0.271168 0.298936 0.145268 0.050404 0.036080 0.356473 0.432999 0.311292 0.096809 0.040039 0.107968 0.318095 0.244745 0.000000 0.145809 0.037334 0.263458 0.089117 0.049775 0.139633 0.133737 0.039325 0.050154 0.095435 0.048290 0.112206 0.119136 0.033805 0.025940 
0.037944 0.018166 0.054127 0.086087 0.102824 0.085399 0.048507 0.064753 0.040315 0.119979 0.113243 0.094539 0.130086 0.037349 0.145381 0.114205 0.089979 0.036655 0.145809 0.000000 0.061211 0.153866 0.048577 0.148783 0.239418 0.160166 0.271631 0.187369 0.149023 0.182990 0.031842 0.110700 0.071431 0.071576 
0.138318 0.092494 0.074677 0.140010 0.285879 0.231001 0.206917 0.131282 0.042885 0.058024 0.295757 0.291133 0.255679 0.052045 0.048401 0.111356 0.252638 0.141539 0.037334 0.061211 0.000000 0.272051 0.037306 0.108732 0.237987 0.189353 0.131318 0.132452 0.146716 0.112369 0.082113 0.152672 0.040841 0.038843 
0.042202 0.071918 0.065529 0.059909 0.046786 0.061350 0.108863 0.027252 0.109560 0.160695 0.037767 0.153272 0.054315 0.120922 0.363860 0.244298 0.118101 0.122229 0.263458 0.153866 0.272051 0.000000 0.276154 0.167158 0.098458 0.099910 0.359730 0.141257 0.059427 0.248699 0.116854 0.054768 0.182135 0.158722 
0.138189 0.100907 0.111745 0.206717 0.252009 0.157285 0.137808 0.154121 0.050367 0.144708 0.258448 0.269469 0.309236 0.107642 0.036935 0.037777 0.149857 0.166958 0.089117 0.048577 0.037306 0.276154 0.000000 0.095372 0.237210 0.144300 0.146925 0.162006 0.199895 0.090997 0.038621 0.130600 0.029693 0.043566 
0.147531 0.135003 0.078719 0.180145 0.262273 0.149027 0.213169 0.110379 0.040311 0.090968 0.250413 0.392738 0.292176 0.138623 0.066941 0.042596 0.187758 0.259100 0.049775 0.148783 0.108732 0.167158 0.095372 0.000000 0.042321 0.024449 0.042773 0.017308 0.069494 0.008328 0.059373 0.033759 0.021049 0.019588 
0.158106 0.172033 0.099330 0.172336 0.236326 0.151217 0.252895 0.102553 0.096536 0.130551 0.215835 0.417451 0.251257 0.191575 0.213923 0.142574 0.217084 0.303522 0.139633 0.239418 0.237987 0.098458 0.237210 0.042321 0.000000 0.023304 0.129786 0.023894 0.042740 0.079612 0.124067 0.028713 0.105647 0.090565 
0.117113 0.126151 0.088571 0.175785 0.180847 0.080208 0.156711 0.089815 0.062313 0.149019 0.164707 0.330864 0.247453 0.168629 0.152930 0.061772 0.116405 0.248016 0.133737 0.160166 0.189353 0.099910 0.144300 0.024449 0.023304 0.000000 0.125942 0.043905 0.071971 0.052265 0.055258 0.009912 0.060211 0.058291 
0.314975 0.278627 0.183316 0.321033 0.498665 0.344094 0.415358 0.254997 0.120797 0.131354 0.486826 0.636517 0.495547 0.237367 0.049450 0.100495 0.389447 0.430391 0.039325 0.271631 0.131318 0.359730 0.146925 0.042773 0.129786 0.125942 0.000000 0.058521 0.162908 0.020538 0.171155 0.150167 0.067170 0.068019 
0.152123 0.144146 0.065797 0.143619 0.273077 0.188151 0.264324 0.095716 0.054200 0.057656 0.259704 0.416716 0.252653 0.128320 0.119576 0.111864 0.251672 0.263840 0.050154 0.187369 0.132452 0.141257 0.162006 0.017308 0.023894 0.043905 0.058521 0.000000 0.030446 0.039004 0.103055 0.041070 0.053167 0.038884 
0.079513 0.082433 0.025142 0.052112 0.166180 0.144645 0.201623 0.032905 0.050703 0.039040 0.157347 0.281680 0.117222 0.072166 0.205032 0.180088 0.216735 0.160668 0.095435 0.149023 0.146716 0.059427 0.199895 0.069494 0.042740 0.071971 0.162908 0.030446 0.000000 0.120336 0.104424 0.038448 0.090520 0.065455 
0.210170 0.187788 0.125078 0.250468 0.347114 0.205564 0.269635 0.171657 0.066645 0.122560 0.335339 0.478059 0.386783 0.183796 0.041704 0.036348 0.237071 0.325796 0.048290 0.182990 0.112369 0.248699 0.090997 0.008328 0.079612 0.052265 0.020538 0.039004 0.120336 0.000000 0.084663 0.073195 0.026792 0.031425 
0.047993 0.038764 0.049500 0.116513 0.111586 0.044563 0.053984 0.057585 0.018880 0.119435 0.110682 0.169329 0.175654 0.075014 0.099698 0.036847 0.053672 0.106087 0.112206 0.031842 0.082113 0.116854 0.038621 0.059373 0.124067 0.055258 0.171155 0.103055 0.104424 0.084663 0.000000 0.037630 0.027014 0.031372 
0.062369 0.070789 0.043035 0.103065 0.120168 0.055313 0.113327 0.040105 0.035101 0.103472 0.108749 0.243008 0.159426 0.105278 0.159797 0.078792 0.095817 0.165784 0.119136 0.110700 0.152672 0.054768 0.130600 0.033759 0.028713 0.009912 0.150167 0.041070 0.038448 0.073195 0.037630 0.000000 0.052893 0.045066 
0.108343 0.083653 0.055870 0.145923 0.225471 0.131771 0.154582 0.093186 0.014035 0.071631 0.223063 0.298979 0.252376 0.081719 0.031304 0.027286 0.154044 0.174848 0.033805 0.071431 0.040841 0.182135 0.029693 0.021049 0.105647 0.060211 0.067170 0.053167 0.090520 0.026792 0.027014 0.052893 0.000000 0.002454 
0.095379 0.072731 0.038801 0.118006 0.212787 0.132275 0.157826 0.074374 0.008053 0.048849 0.210181 0.288825 0.221031 0.064448 0.043212 0.044070 0.163309 0.159946 0.025940 0.071576 0.038843 0.158722 0.043566 0.019588 0.090565 0.058291 0.068019 0.038884 0.065455 0.031425 0.031372 0.045066 0.002454 0.000000 
