0.000488 0.007873 0.010940 0.021742 0.058986 0.025933 0.040768 0.008415 0.007291 0.041920 0.004528 0.075970 0.029920 0.016068 0.091681 0.105083 0.050942 0.090308 0.081055 0.003164 0.079534 0.009624 0.068607 0.055883 0.035164 0.042603 0.088795 0.038677 0.042645 0.064748 0.036545 0.043812 0.064041 0.048960 
0.007873 0.000000 0.002847 0.021533 0.059885 0.044389 0.045935 0.017194 0.020257 0.035882 0.030202 0.081659 0.034307 0.004956 0.093099 0.105680 0.060457 0.089458 0.079223 0.016053 0.089768 0.048376 0.068182 0.055503 0.042489 0.048036 0.085813 0.035622 0.048613 0.055473 0.040283 0.049964 0.064968 0.050644 
0.010940 0.002847 0.000488 0.020454 0.058571 0.047949 0.047670 0.012333 0.018060 0.032999 0.032081 0.083006 0.036850 0.012563 0.094750 0.108656 0.062878 0.085419 0.081779 0.027542 0.090350 0.052843 0.071393 0.056255 0.046388 0.052204 0.086837 0.038696 0.053708 0.056508 0.039358 0.053778 0.066797 0.052066 
0.021742 0.021533 0.020454 0.000000 0.075121 0.065458 0.045597 0.015258 0.030718 0.049845 0.053150 0.089746 0.019185 0.021895 0.111977 0.127493 0.067282 0.078326 0.083801 0.039057 0.101090 0.060051 0.090049 0.074041 0.045196 0.061471 0.107265 0.058438 0.064313 0.079971 0.047124 0.061207 0.084934 0.070223 
0.058986 0.059885 0.058571 0.075121 0.000000 0.111498 0.021499 0.114940 0.037460 0.047660 0.009826 0.049737 0.083637 0.069107 0.036623 0.047729 0.085241 0.127847 0.068863 0.047002 0.071526 0.162773 0.053964 0.023496 0.052727 0.067854 0.045064 0.045351 0.034971 0.055885 0.035973 0.040480 0.026326 0.033217 
0.025933 0.044389 0.047949 0.065458 0.111498 0.000488 0.020595 0.080283 0.055220 0.096340 0.016822 0.066680 0.047626 0.057009 0.039340 0.093652 0.003703 0.178165 0.113986 0.120227 0.120195 0.042893 0.092308 0.050823 0.085177 0.096266 0.047073 0.070545 0.109056 0.054981 0.087870 0.087538 0.031581 0.030846 
0.040768 0.045935 0.047670 0.045597 0.021499 0.020595 0.000488 0.037465 0.063400 0.060059 0.071155 0.031894 0.055009 0.071372 0.089091 0.112956 0.013973 0.067394 0.092791 0.066841 0.067774 0.052682 0.098119 0.059301 0.019412 0.027490 0.109436 0.077848 0.059154 0.105803 0.033026 0.031972 0.071398 0.052658 
0.008415 0.017194 0.012333 0.015258 0.114940 0.080283 0.037465 0.000488 0.068322 0.064271 0.100275 0.074935 0.080369 0.091193 0.058998 0.127781 0.053863 0.093552 0.153612 0.115664 0.152655 0.097768 0.118375 0.044175 0.045728 0.055751 0.096798 0.089512 0.095145 0.114447 0.099591 0.053897 0.045683 0.044638 
0.007291 0.020257 0.018060 0.030718 0.037460 0.055220 0.063400 0.068322 0.000488 0.040375 0.068152 0.074685 0.064807 0.037312 0.075143 0.104074 0.054021 0.041812 0.106090 0.059102 0.040036 0.064151 0.064026 0.025188 0.074044 0.069617 0.062810 0.029560 0.067042 0.048154 0.018813 0.067698 0.044473 0.006551 
0.041920 0.035882 0.032999 0.049845 0.047660 0.096340 0.060059 0.064271 0.040375 0.000691 0.048046 0.091307 0.069329 0.039276 0.085454 0.089780 0.092189 0.092067 0.049914 0.053598 0.108674 0.132081 0.068088 0.043305 0.055644 0.050442 0.064627 0.037194 0.068670 0.043338 0.048618 0.061792 0.060940 0.052409 
0.004528 0.030202 0.032081 0.053150 0.009826 0.016822 0.071155 0.100275 0.068152 0.048046 0.000000 0.099913 0.049826 0.054735 0.137191 0.183139 0.071739 0.119157 0.153861 0.110219 0.057999 0.084564 0.134201 0.083917 0.102229 0.119234 0.130160 0.091674 0.120623 0.119727 0.041894 0.110682 0.107977 0.079425 
0.075970 0.081659 0.083006 0.089746 0.049737 0.066680 0.031894 0.074935 0.074685 0.091307 0.099913 0.000488 0.087451 0.096101 0.063963 0.056135 0.049248 0.106899 0.055170 0.064999 0.065620 0.089119 0.086430 0.059611 0.047443 0.055684 0.100157 0.084500 0.038757 0.097567 0.047066 0.035850 0.061794 0.058071 
0.029920 0.034307 0.036850 0.019185 0.083637 0.047626 0.055009 0.080369 0.064807 0.069329 0.049826 0.087451 0.000000 0.040487 0.119910 0.142800 0.038748 0.046169 0.099702 0.044966 0.077095 0.102613 0.098846 0.087096 0.060099 0.076743 0.123282 0.071809 0.065779 0.112837 0.052013 0.069112 0.093191 0.075728 
0.016068 0.004956 0.012563 0.021895 0.069107 0.057009 0.071372 0.091193 0.037312 0.039276 0.054735 0.096101 0.040487 0.000488 0.104716 0.126977 0.056392 0.045321 0.099856 0.037011 0.090996 0.093822 0.073417 0.068808 0.079411 0.083188 0.093351 0.040815 0.065071 0.077163 0.053232 0.076865 0.074460 0.056979 
0.091681 0.093099 0.094750 0.111977 0.036623 0.039340 0.089091 0.058998 0.075143 0.085454 0.137191 0.063963 0.119910 0.104716 0.000488 0.045796 0.078412 0.085705 0.076300 0.079517 0.045280 0.080328 0.052149 0.042469 0.074943 0.038932 0.049330 0.069870 0.059926 0.060429 0.074036 0.056703 0.029701 0.040077 
0.105083 0.105680 0.108656 0.127493 0.047729 0.093652 0.112956 0.127781 0.104074 0.089780 0.183139 0.056135 0.142800 0.126977 0.045796 0.000488 0.063900 0.063303 0.027633 0.110294 0.115738 0.106433 0.064656 0.041675 0.112197 0.083577 0.045571 0.086411 0.084997 0.096752 0.073198 0.086502 0.012059 0.019167 
0.050942 0.060457 0.062878 0.067282 0.085241 0.003703 0.013973 0.053863 0.054021 0.092189 0.071739 0.049248 0.038748 0.056392 0.078412 0.063900 0.000488 0.127517 0.051224 0.055702 0.054293 0.040790 0.056084 0.068177 0.058978 0.059653 0.100242 0.054872 0.054662 0.089068 0.062023 0.051900 0.060895 0.057221 
0.090308 0.089458 0.085419 0.078326 0.127847 0.178165 0.067394 0.093552 0.041812 0.092067 0.119157 0.106899 0.046169 0.045321 0.085705 0.063303 0.127517 0.000345 0.173599 0.039384 0.178165 0.219425 0.053499 0.095209 0.035655 0.049422 0.046160 0.067799 0.068336 0.078111 0.114765 0.067770 0.094931 0.110199 
0.081055 0.079223 0.081779 0.083801 0.068863 0.113986 0.092791 0.153612 0.106090 0.049914 0.153861 0.055170 0.099702 0.099856 0.076300 0.027633 0.051224 0.173599 0.000000 0.110392 0.137097 0.158757 0.048879 0.034540 0.113213 0.104351 0.054171 0.078836 0.087784 0.097032 0.039705 0.092549 0.020155 0.006291 
0.003164 0.016053 0.027542 0.039057 0.047002 0.120227 0.066841 0.115664 0.059102 0.053598 0.110219 0.064999 0.044966 0.037011 0.079517 0.110294 0.055702 0.039384 0.110392 0.000000 0.058647 0.164422 0.051787 0.055608 0.074226 0.071493 0.086720 0.033549 0.029612 0.097986 0.035669 0.058573 0.048513 0.014460 
0.079534 0.089768 0.090350 0.101090 0.071526 0.120195 0.067774 0.152655 0.040036 0.108674 0.057999 0.065620 0.077095 0.090996 0.045280 0.115738 0.054293 0.178165 0.137097 0.058647 0.000488 0.172260 0.034404 0.034067 0.115619 0.124329 0.077444 0.065547 0.084146 0.043501 0.059670 0.104100 0.009030 0.048405 
0.009624 0.048376 0.052843 0.060051 0.162773 0.042893 0.052682 0.097768 0.064151 0.132081 0.084564 0.089119 0.102613 0.093822 0.080328 0.106433 0.040790 0.219425 0.158757 0.164422 0.172260 0.000000 0.115093 0.090329 0.118230 0.120752 0.085696 0.087289 0.144815 0.044034 0.120793 0.113882 0.042790 0.070997 
0.068607 0.068182 0.071393 0.090049 0.053964 0.092308 0.098119 0.118375 0.064026 0.068088 0.134201 0.086430 0.098846 0.073417 0.052149 0.064656 0.056084 0.053499 0.048879 0.051787 0.034404 0.115093 0.000000 0.049120 0.097793 0.078664 0.044987 0.034401 0.052354 0.061917 0.074787 0.076094 0.029431 0.023565 
0.055883 0.055503 0.056255 0.074041 0.023496 0.050823 0.059301 0.044175 0.025188 0.043305 0.083917 0.059611 0.087096 0.068808 0.042469 0.041675 0.068177 0.095209 0.034540 0.055608 0.034067 0.090329 0.049120 0.000691 0.047184 0.009056 0.046018 0.041627 0.048374 0.015548 0.038763 0.038211 0.022804 0.014689 
0.035164 0.042489 0.046388 0.045196 0.052727 0.085177 0.019412 0.045728 0.074044 0.055644 0.102229 0.047443 0.060099 0.079411 0.074943 0.112197 0.058978 0.035655 0.113213 0.074226 0.115619 0.118230 0.097793 0.047184 0.000488 0.028662 0.107977 0.080130 0.055926 0.118628 0.057024 0.022903 0.059277 0.028377 
0.042603 0.048036 0.052204 0.061471 0.067854 0.096266 0.027490 0.055751 0.069617 0.050442 0.119234 0.055684 0.076743 0.083188 0.038932 0.083577 0.059653 0.049422 0.104351 0.071493 0.124329 0.120752 0.078664 0.009056 0.028662 0.000000 0.085250 0.068995 0.044550 0.104203 0.055297 0.000691 0.024945 0.035747 
0.088795 0.085813 0.086837 0.107265 0.045064 0.047073 0.109436 0.096798 0.062810 0.064627 0.130160 0.100157 0.123282 0.093351 0.049330 0.045571 0.100242 0.046160 0.054171 0.086720 0.077444 0.085696 0.044987 0.046018 0.107977 0.085250 0.000488 0.055164 0.083766 0.019409 0.084204 0.090971 0.041030 0.045501 
0.038677 0.035622 0.038696 0.058438 0.045351 0.070545 0.077848 0.089512 0.029560 0.037194 0.091674 0.084500 0.071809 0.040815 0.069870 0.086411 0.054872 0.067799 0.078836 0.033549 0.065547 0.087289 0.034401 0.041627 0.080130 0.068995 0.055164 0.000000 0.049579 0.044499 0.054056 0.066630 0.039385 0.022146 
0.042645 0.048613 0.053708 0.064313 0.034971 0.109056 0.059154 0.095145 0.067042 0.068670 0.120623 0.038757 0.065779 0.065071 0.059926 0.084997 0.054662 0.068336 0.087784 0.029612 0.084146 0.144815 0.052354 0.048374 0.055926 0.044550 0.083766 0.049579 0.000000 0.098788 0.034504 0.035625 0.037024 0.006757 
0.064748 0.055473 0.056508 0.079971 0.055885 0.054981 0.105803 0.114447 0.048154 0.043338 0.119727 0.097567 0.112837 0.077163 0.060429 0.096752 0.089068 0.078111 0.097032 0.097986 0.043501 0.044034 0.061917 0.015548 0.118628 0.104203 0.019409 0.044499 0.098788 0.000488 0.050081 0.103017 0.036535 0.003239 
0.036545 0.040283 0.039358 0.047124 0.035973 0.087870 0.033026 0.099591 0.018813 0.048618 0.041894 0.047066 0.052013 0.053232 0.074036 0.073198 0.062023 0.114765 0.039705 0.035669 0.059670 0.120793 0.074787 0.038763 0.057024 0.055297 0.084204 0.054056 0.034504 0.050081 0.000488 0.036537 0.055311 0.045897 
0.043812 0.049964 0.053778 0.061207 0.040480 0.087538 0.031972 0.053897 0.067698 0.061792 0.110682 0.035850 0.069112 0.076865 0.056703 0.086502 0.051900 0.067770 0.092549 0.058573 0.104100 0.113882 0.076094 0.038211 0.022903 0.000691 0.090971 0.066630 0.035625 0.103017 0.036537 0.000000 0.041233 0.004502 
0.064041 0.064968 0.066797 0.084934 0.026326 0.031581 0.071398 0.045683 0.044473 0.060940 0.107977 0.061794 0.093191 0.074460 0.029701 0.012059 0.060895 0.094931 0.020155 0.048513 0.009030 0.042790 0.029431 0.022804 0.059277 0.024945 0.041030 0.039385 0.037024 0.036535 0.055311 0.041233 0.000488 0.007767 
0.048960 0.050644 0.052066 0.070223 0.033217 0.030846 0.052658 0.044638 0.006551 0.052409 0.079425 0.058071 0.075728 0.056979 0.040077 0.019167 0.057221 0.110199 0.006291 0.014460 0.048405 0.070997 0.023565 0.014689 0.028377 0.035747 0.045501 0.022146 0.006757 0.003239 0.045897 0.004502 0.007767 0.000488 
