0.000000 0.036145 0.037917 0.044180 0.065086 0.066980 0.075369 0.064723 0.052147 0.092898 0.062779 0.107145 0.069682 0.055787 0.132948 0.136654 0.092417 0.063693 0.128019 0.072870 0.115877 0.069866 0.120353 0.121389 0.105212 0.126099 0.122289 0.103091 0.083205 0.115001 0.081128 0.087772 0.098868 0.084069 
0.036145 0.000488 0.038898 0.063831 0.088395 0.090843 0.082789 0.055434 0.070135 0.087507 0.092365 0.117540 0.101866 0.052949 0.144889 0.140850 0.106827 0.051378 0.114680 0.046575 0.136796 0.067723 0.131317 0.113304 0.097246 0.120934 0.100858 0.091150 0.099138 0.107171 0.084494 0.093126 0.103786 0.085017 
0.037917 0.038898 0.000488 0.046820 0.094125 0.102110 0.107452 0.037955 0.052895 0.076733 0.093012 0.082210 0.083280 0.048643 0.113662 0.127017 0.126196 0.077111 0.117486 0.072482 0.120297 0.092553 0.112574 0.098058 0.096472 0.116178 0.093993 0.076208 0.067795 0.085953 0.089867 0.086110 0.087918 0.067927 
0.044180 0.063831 0.046820 0.000000 0.089147 0.096401 0.114823 0.054357 0.077979 0.107436 0.082000 0.090543 0.054961 0.056109 0.139610 0.163726 0.127789 0.086932 0.161766 0.107689 0.138906 0.077986 0.140694 0.139637 0.123440 0.152140 0.138160 0.111450 0.082483 0.129005 0.120666 0.115803 0.125049 0.108542 
0.065086 0.088395 0.094125 0.089147 0.000488 0.071731 0.062054 0.125860 0.089520 0.151116 0.019785 0.157415 0.097521 0.082489 0.154441 0.149197 0.089314 0.115193 0.154851 0.102967 0.108272 0.086996 0.151707 0.143291 0.103335 0.125157 0.172567 0.128682 0.098912 0.154047 0.104789 0.083818 0.120346 0.114282 
0.066980 0.090843 0.102110 0.096401 0.071731 0.000000 0.055556 0.124180 0.082312 0.124257 0.063926 0.151527 0.083595 0.117970 0.168355 0.158076 0.036257 0.082271 0.153686 0.111663 0.122748 0.094826 0.133064 0.169922 0.154053 0.164014 0.170302 0.163628 0.132473 0.163617 0.085440 0.121926 0.128631 0.123924 
0.075369 0.082789 0.107452 0.114823 0.062054 0.055556 0.000345 0.133844 0.097682 0.140150 0.070567 0.177529 0.124269 0.108822 0.179329 0.153215 0.046680 0.087995 0.135901 0.082896 0.130142 0.085753 0.151697 0.155442 0.125304 0.137533 0.163815 0.148313 0.138366 0.161010 0.082352 0.103539 0.126888 0.121202 
0.064723 0.055434 0.037955 0.054357 0.125860 0.124180 0.133844 0.000488 0.083112 0.075608 0.123541 0.077408 0.095440 0.067214 0.136049 0.155957 0.148414 0.077128 0.138368 0.092431 0.154864 0.099053 0.132667 0.121298 0.123874 0.147045 0.093859 0.094165 0.096117 0.100585 0.117138 0.122349 0.117778 0.096741 
0.052147 0.070135 0.052895 0.077979 0.089520 0.082312 0.097682 0.083112 0.000691 0.071102 0.084351 0.088867 0.078359 0.090300 0.090924 0.093040 0.104359 0.091307 0.101054 0.086837 0.077482 0.121426 0.069212 0.099245 0.113981 0.111619 0.106665 0.102752 0.070594 0.085407 0.054228 0.074060 0.056606 0.048650 
0.092898 0.087507 0.076733 0.107436 0.151116 0.124257 0.140150 0.075608 0.071102 0.000488 0.147156 0.083452 0.116431 0.123856 0.120612 0.122707 0.139779 0.085363 0.101754 0.101813 0.138119 0.146482 0.080450 0.120026 0.154193 0.150474 0.072408 0.124285 0.120828 0.084079 0.083664 0.128574 0.092949 0.080513 
0.062779 0.092365 0.093012 0.082000 0.019785 0.063926 0.070567 0.123541 0.084351 0.147156 0.000488 0.148197 0.081061 0.087682 0.149973 0.150928 0.087772 0.115002 0.161188 0.113127 0.104407 0.091350 0.145631 0.149373 0.116509 0.135985 0.175811 0.135702 0.096034 0.155652 0.106097 0.092019 0.121177 0.115738 
0.107145 0.117540 0.082210 0.090543 0.157415 0.151527 0.177529 0.077408 0.088867 0.083452 0.148197 0.000488 0.092848 0.119694 0.095593 0.144697 0.180903 0.134235 0.157067 0.147467 0.139407 0.163019 0.104517 0.130348 0.160492 0.166168 0.116924 0.122565 0.089824 0.098064 0.135915 0.140322 0.113917 0.101806 
0.069682 0.101866 0.083280 0.054961 0.097521 0.083595 0.124269 0.095440 0.078359 0.116431 0.081061 0.092848 0.000488 0.104517 0.137206 0.165341 0.119593 0.109012 0.178283 0.141063 0.125148 0.113496 0.127529 0.164497 0.159149 0.175458 0.166631 0.149788 0.096933 0.149431 0.123012 0.132759 0.130931 0.122167 
0.055787 0.052949 0.048643 0.056109 0.082489 0.117970 0.108822 0.067214 0.090300 0.123856 0.087682 0.119694 0.104517 0.000000 0.141146 0.152921 0.140076 0.099875 0.143157 0.079419 0.139932 0.074970 0.154436 0.110442 0.073775 0.114779 0.124663 0.071833 0.076247 0.115755 0.120310 0.088727 0.116731 0.097999 
0.132948 0.144889 0.113662 0.139610 0.154441 0.168355 0.179329 0.136049 0.090924 0.120612 0.149973 0.095593 0.137206 0.141146 0.000488 0.074014 0.189686 0.176247 0.124918 0.150679 0.080234 0.199670 0.076857 0.085404 0.135806 0.113422 0.125759 0.110141 0.073341 0.074245 0.122006 0.099349 0.065613 0.071772 
0.136654 0.140850 0.127017 0.163726 0.149197 0.158076 0.153215 0.155957 0.093040 0.122707 0.150928 0.144697 0.165341 0.152921 0.074014 0.000488 0.165482 0.167898 0.072039 0.125538 0.069699 0.199303 0.071247 0.074473 0.126125 0.082224 0.117378 0.117951 0.109031 0.078448 0.085900 0.079363 0.039285 0.059966 
0.092417 0.106827 0.126196 0.127789 0.089314 0.036257 0.046680 0.148414 0.104359 0.139779 0.087772 0.180903 0.119593 0.140076 0.189686 0.165482 0.000488 0.092184 0.152858 0.114881 0.136996 0.109524 0.146929 0.182426 0.165469 0.170829 0.180860 0.180545 0.158784 0.178991 0.087129 0.133374 0.140979 0.138494 
0.063693 0.051378 0.077111 0.086932 0.115193 0.082271 0.087995 0.077128 0.091307 0.085363 0.115002 0.134235 0.109012 0.099875 0.176247 0.167898 0.092184 0.000000 0.134178 0.077437 0.162963 0.076112 0.141457 0.154900 0.146788 0.164132 0.121013 0.139547 0.140687 0.139321 0.093058 0.134739 0.133047 0.117712 
0.128019 0.114680 0.117486 0.161766 0.154851 0.153686 0.135901 0.138368 0.101054 0.101754 0.161188 0.157067 0.178283 0.143157 0.124918 0.072039 0.152858 0.134178 0.000488 0.083907 0.122535 0.176677 0.099233 0.078277 0.120365 0.088334 0.077304 0.110735 0.135479 0.076682 0.071286 0.093684 0.067566 0.067835 
0.072870 0.046575 0.072482 0.107689 0.102967 0.111663 0.082896 0.092431 0.086837 0.101813 0.113127 0.147467 0.141063 0.079419 0.150679 0.125538 0.114881 0.077437 0.083907 0.000691 0.137403 0.097576 0.134995 0.097607 0.083482 0.096155 0.091541 0.087391 0.116349 0.101995 0.075390 0.081929 0.096139 0.080608 
0.115877 0.136796 0.120297 0.138906 0.108272 0.122748 0.130142 0.154864 0.077482 0.138119 0.104407 0.139407 0.125148 0.139932 0.080234 0.069699 0.136996 0.162963 0.122535 0.137403 0.000488 0.178195 0.082627 0.111445 0.129486 0.105090 0.158018 0.134018 0.088015 0.116865 0.089831 0.073736 0.064123 0.079613 
0.069866 0.067723 0.092553 0.077986 0.086996 0.094826 0.085753 0.099053 0.121426 0.146482 0.091350 0.163019 0.113496 0.074970 0.199670 0.199303 0.109524 0.076112 0.176677 0.097576 0.178195 0.000000 0.188356 0.172503 0.130637 0.168592 0.166264 0.140933 0.139367 0.172544 0.135532 0.137311 0.163093 0.146896 
0.120353 0.131317 0.112574 0.140694 0.151707 0.133064 0.151697 0.132667 0.069212 0.080450 0.145631 0.104517 0.127529 0.154436 0.076857 0.071247 0.146929 0.141457 0.099233 0.134995 0.082627 0.188356 0.000488 0.114155 0.161325 0.136161 0.115611 0.141394 0.112687 0.088641 0.077187 0.113303 0.060565 0.070466 
0.121389 0.113304 0.098058 0.139637 0.143291 0.169922 0.155442 0.121298 0.099245 0.120026 0.149373 0.130348 0.164497 0.110442 0.085404 0.074473 0.182426 0.154900 0.078277 0.097607 0.111445 0.172503 0.114155 0.000000 0.075572 0.050506 0.082696 0.050658 0.085115 0.044964 0.108704 0.066335 0.061039 0.053357 
0.105212 0.097246 0.096472 0.123440 0.103335 0.154053 0.125304 0.123874 0.113981 0.154193 0.116509 0.160492 0.159149 0.073775 0.135806 0.126125 0.165469 0.146788 0.120365 0.083482 0.129486 0.130637 0.161325 0.075572 0.000488 0.055327 0.128267 0.053333 0.089071 0.108393 0.124570 0.057801 0.104100 0.092601 
0.126099 0.120934 0.116178 0.152140 0.125157 0.164014 0.137533 0.147045 0.111619 0.150474 0.135985 0.166168 0.175458 0.114779 0.113422 0.082224 0.170829 0.164132 0.088334 0.096155 0.105090 0.168592 0.136161 0.050506 0.055327 0.000488 0.121091 0.072597 0.098714 0.091198 0.109419 0.046016 0.075854 0.075097 
0.122289 0.100858 0.093993 0.138160 0.172567 0.170302 0.163815 0.093859 0.106665 0.072408 0.175811 0.116924 0.166631 0.124663 0.125759 0.117378 0.180860 0.121013 0.077304 0.091541 0.158018 0.166264 0.115611 0.082696 0.128267 0.121091 0.000691 0.090115 0.127653 0.054177 0.109259 0.122165 0.095421 0.079546 
0.103091 0.091150 0.076208 0.111450 0.128682 0.163628 0.148313 0.094165 0.102752 0.124285 0.135702 0.122565 0.149788 0.071833 0.110141 0.117951 0.180545 0.139547 0.110735 0.087391 0.134018 0.140933 0.141394 0.050658 0.053333 0.072597 0.090115 0.000000 0.074071 0.069315 0.124366 0.075173 0.091657 0.074189 
0.083205 0.099138 0.067795 0.082483 0.098912 0.132473 0.138366 0.096117 0.070594 0.120828 0.096034 0.089824 0.096933 0.076247 0.073341 0.109031 0.158784 0.140687 0.135479 0.116349 0.088015 0.139367 0.112687 0.085115 0.089071 0.098714 0.127653 0.074071 0.000488 0.088365 0.114964 0.069265 0.078962 0.069646 
0.115001 0.107171 0.085953 0.129005 0.154047 0.163617 0.161010 0.100585 0.085407 0.084079 0.155652 0.098064 0.149431 0.115755 0.074245 0.078448 0.178991 0.139321 0.076682 0.101995 0.116865 0.172544 0.088641 0.044964 0.108393 0.091198 0.054177 0.069315 0.088365 0.000000 0.101112 0.090504 0.057650 0.045603 
0.081128 0.084494 0.089867 0.120666 0.104789 0.085440 0.082352 0.117138 0.054228 0.083664 0.106097 0.135915 0.123012 0.120310 0.122006 0.085900 0.087129 0.093058 0.071286 0.075390 0.089831 0.135532 0.077187 0.108704 0.124570 0.109419 0.109259 0.124366 0.114964 0.101112 0.000000 0.081615 0.062806 0.063344 
0.087772 0.093126 0.086110 0.115803 0.083818 0.121926 0.103539 0.122349 0.074060 0.128574 0.092019 0.140322 0.132759 0.088727 0.099349 0.079363 0.133374 0.134739 0.093684 0.081929 0.073736 0.137311 0.113303 0.066335 0.057801 0.046016 0.122165 0.075173 0.069265 0.090504 0.081615 0.000000 0.057531 0.055404 
0.098868 0.103786 0.087918 0.125049 0.120346 0.128631 0.126888 0.117778 0.056606 0.092949 0.121177 0.113917 0.130931 0.116731 0.065613 0.039285 0.140979 0.133047 0.067566 0.096139 0.064123 0.163093 0.060565 0.061039 0.104100 0.075854 0.095421 0.091657 0.078962 0.057650 0.062806 0.057531 0.000345 0.022741 
0.084069 0.085017 0.067927 0.108542 0.114282 0.123924 0.121202 0.096741 0.048650 0.080513 0.115738 0.101806 0.122167 0.097999 0.071772 0.059966 0.138494 0.117712 0.067835 0.080608 0.079613 0.146896 0.070466 0.053357 0.092601 0.075097 0.079546 0.074189 0.069646 0.045603 0.063344 0.055404 0.022741 0.000488 
