0.000488 0.021271 0.002013 0.010312 0.002805 0.006974 0.057048 0.002584 0.029536 0.065292 0.000846 0.047984 0.018431 0.019524 0.050649 0.055545 0.107649 0.106120 0.024060 0.033552 0.057564 0.005746 0.035712 0.048766 0.020085 0.054781 0.054996 0.024257 0.044919 0.036270 0.032742 0.028704 0.034916 0.031774 
0.021271 0.000488 0.041263 0.016068 0.051817 0.045578 0.035950 0.015030 0.030853 0.071911 0.054372 0.062812 0.036522 0.001983 0.058490 0.035635 0.101007 0.129303 0.043153 0.003906 0.053669 0.017954 0.042267 0.080605 0.068894 0.037769 0.047430 0.037788 0.022408 0.064389 0.000598 0.084998 0.040610 0.034615 
0.002013 0.041263 0.000000 0.004632 0.076960 0.090699 0.093154 0.029042 0.036011 0.002537 0.058883 0.069308 0.063699 0.081470 0.054405 0.056717 0.075569 0.065546 0.021372 0.015946 0.043523 0.095513 0.101723 0.048652 0.048828 0.072327 0.044167 0.033726 0.024050 0.044499 0.023476 0.040086 0.026431 0.026555 
0.010312 0.016068 0.004632 0.000691 0.036756 0.034148 0.043079 0.011124 0.024902 0.073624 0.034248 0.045511 0.025437 0.022778 0.054300 0.050423 0.099281 0.111920 0.031192 0.036590 0.060577 0.026965 0.048245 0.058142 0.034279 0.044387 0.058610 0.023372 0.041053 0.046400 0.027286 0.040991 0.038261 0.034178 
0.002805 0.051817 0.076960 0.036756 0.000488 0.029996 0.013832 0.066973 0.052297 0.100707 0.038981 0.031031 0.064060 0.068998 0.088141 0.080220 0.069762 0.034430 0.020201 0.075117 0.100005 0.117733 0.063859 0.049498 0.072023 0.070223 0.067888 0.073654 0.075752 0.036782 0.038273 0.097035 0.049383 0.045146 
0.006974 0.045578 0.090699 0.034148 0.029996 0.000000 0.008646 0.079609 0.032929 0.107705 0.063370 0.037687 0.052452 0.059431 0.101612 0.104928 0.017730 0.044478 0.046252 0.086652 0.117379 0.103418 0.070159 0.058200 0.080508 0.075368 0.081003 0.078458 0.096134 0.052357 0.028550 0.111090 0.066182 0.062650 
0.057048 0.035950 0.093154 0.043079 0.013832 0.008646 0.000000 0.084680 0.035802 0.124395 0.063419 0.037175 0.076997 0.037370 0.104183 0.094384 0.012265 0.049332 0.056523 0.095736 0.116582 0.083685 0.042553 0.050788 0.078507 0.078261 0.099020 0.089165 0.094158 0.048540 0.046301 0.100447 0.080460 0.077003 
0.002584 0.015030 0.029042 0.011124 0.066973 0.079609 0.084680 0.000345 0.034012 0.041446 0.042440 0.047144 0.051724 0.053360 0.030032 0.045616 0.078079 0.067779 0.032405 0.033184 0.037004 0.080231 0.062267 0.058649 0.068463 0.089656 0.031597 0.055110 0.044096 0.046982 0.034580 0.072293 0.028498 0.026388 
0.029536 0.030853 0.036011 0.024902 0.052297 0.032929 0.035802 0.034012 0.000488 0.076674 0.073838 0.049637 0.046393 0.041210 0.028988 0.039675 0.080622 0.126653 0.060924 0.027633 0.029272 0.040505 0.072504 0.063910 0.041308 0.045676 0.059622 0.030398 0.025212 0.057157 0.036843 0.059584 0.024316 0.018171 
0.065292 0.071911 0.002537 0.073624 0.100707 0.107705 0.124395 0.041446 0.076674 0.000000 0.043346 0.106066 0.071797 0.045398 0.056532 0.071957 0.151815 0.086613 0.073303 0.028761 0.035475 0.079327 0.099558 0.056156 0.052345 0.091756 0.039418 0.044177 0.049284 0.066029 0.076824 0.036408 0.052500 0.053928 
0.000846 0.054372 0.058883 0.034248 0.038981 0.063370 0.063419 0.042440 0.073838 0.043346 0.000488 0.071023 0.063752 0.073568 0.043752 0.066173 0.169625 0.141303 0.015890 0.036105 0.045803 0.119622 0.074455 0.093171 0.083508 0.037878 0.057911 0.065252 0.034459 0.065871 0.051694 0.102724 0.051505 0.048312 
0.047984 0.062812 0.069308 0.045511 0.031031 0.037687 0.037175 0.047144 0.049637 0.106066 0.071023 0.000000 0.039100 0.083923 0.059662 0.065759 0.099270 0.091202 0.059972 0.080572 0.082638 0.052611 0.088833 0.037977 0.074352 0.092758 0.100996 0.080176 0.083029 0.033066 0.070298 0.089171 0.062606 0.061285 
0.018431 0.036522 0.063699 0.025437 0.064060 0.052452 0.076997 0.051724 0.046393 0.071797 0.063752 0.039100 0.000488 0.029062 0.070648 0.093976 0.121406 0.050386 0.034059 0.064110 0.086336 0.031011 0.049543 0.054370 0.071660 0.088532 0.071438 0.060335 0.085006 0.055545 0.050513 0.087933 0.053389 0.052791 
0.019524 0.001983 0.081470 0.022778 0.068998 0.059431 0.037370 0.053360 0.041210 0.045398 0.073568 0.083923 0.029062 0.000488 0.038609 0.050832 0.120474 0.161120 0.055199 0.062887 0.037235 0.057296 0.054271 0.111580 0.107986 0.082975 0.027730 0.077990 0.074519 0.090005 0.028277 0.135662 0.024983 0.007421 
0.050649 0.058490 0.054405 0.054300 0.088141 0.101612 0.104183 0.030032 0.028988 0.056532 0.043752 0.059662 0.070648 0.038609 0.000488 0.044161 0.090188 0.040232 0.068877 0.059263 0.030426 0.057508 0.056126 0.091006 0.099414 0.119307 0.063963 0.084073 0.064153 0.075655 0.072597 0.103377 0.014607 0.024341 
0.055545 0.035635 0.056717 0.050423 0.080220 0.104928 0.094384 0.045616 0.039675 0.071957 0.066173 0.065759 0.093976 0.050832 0.044161 0.000488 0.053586 0.042291 0.079514 0.060148 0.039905 0.110624 0.082513 0.087255 0.094100 0.108399 0.050637 0.086308 0.044595 0.068619 0.054320 0.095737 0.005051 0.013862 
0.107649 0.101007 0.075569 0.099281 0.069762 0.017730 0.012265 0.078079 0.080622 0.151815 0.169625 0.099270 0.121406 0.120474 0.090188 0.053586 0.000000 0.144905 0.139516 0.101689 0.085398 0.051986 0.097853 0.049658 0.044368 0.073490 0.126511 0.102471 0.053486 0.037493 0.098496 0.047336 0.097973 0.094277 
0.106120 0.129303 0.065546 0.111920 0.034430 0.044478 0.049332 0.067779 0.126653 0.086613 0.141303 0.091202 0.050386 0.161120 0.040232 0.042291 0.144905 0.000488 0.114093 0.083417 0.039442 0.190480 0.106855 0.031723 0.034867 0.049193 0.115844 0.069981 0.075809 0.062685 0.121115 0.056378 0.103423 0.103876 
0.024060 0.043153 0.021372 0.031192 0.020201 0.046252 0.056523 0.032405 0.060924 0.073303 0.015890 0.059972 0.034059 0.055199 0.068877 0.079514 0.139516 0.114093 0.000488 0.042351 0.076155 0.081016 0.044140 0.066972 0.048624 0.035391 0.068601 0.022251 0.061491 0.042240 0.045343 0.056492 0.059072 0.055978 
0.033552 0.003906 0.015946 0.036590 0.075117 0.086652 0.095736 0.033184 0.027633 0.028761 0.036105 0.080572 0.064110 0.062887 0.059263 0.060148 0.101689 0.083417 0.042351 0.000000 0.046552 0.066777 0.095390 0.031382 0.032537 0.067269 0.026309 0.027499 0.027848 0.039136 0.028996 0.029549 0.024854 0.023468 
0.057564 0.053669 0.043523 0.060577 0.100005 0.117379 0.116582 0.037004 0.029272 0.035475 0.045803 0.082638 0.086336 0.037235 0.030426 0.039905 0.085398 0.039442 0.076155 0.046552 0.000488 0.076364 0.096185 0.091064 0.092749 0.113967 0.036558 0.077556 0.046954 0.078067 0.067542 0.086810 0.001922 0.018796 
0.005746 0.017954 0.095513 0.026965 0.117733 0.103418 0.083685 0.080231 0.040505 0.079327 0.119622 0.052611 0.031011 0.057296 0.057508 0.110624 0.051986 0.190480 0.081016 0.066777 0.076364 0.000488 0.131200 0.131515 0.120279 0.096859 0.039048 0.075628 0.100402 0.117124 0.037528 0.148148 0.038763 0.047000 
0.035712 0.042267 0.101723 0.048245 0.063859 0.070159 0.042553 0.062267 0.072504 0.099558 0.074455 0.088833 0.049543 0.054271 0.056126 0.082513 0.097853 0.106855 0.044140 0.095390 0.096185 0.131200 0.000000 0.116151 0.133433 0.132773 0.088642 0.111696 0.104842 0.087539 0.035592 0.167393 0.004980 0.015548 
0.048766 0.080605 0.048652 0.058142 0.049498 0.058200 0.050788 0.058649 0.063910 0.056156 0.093171 0.037977 0.054370 0.111580 0.091006 0.087255 0.049658 0.031723 0.066972 0.031382 0.091064 0.131515 0.116151 0.000000 0.020938 0.000977 0.051114 0.007437 0.048777 0.015509 0.074324 0.051993 0.018164 0.010825 
0.020085 0.068894 0.048828 0.034279 0.072023 0.080508 0.078507 0.068463 0.041308 0.052345 0.083508 0.074352 0.071660 0.107986 0.099414 0.094100 0.044368 0.034867 0.048624 0.032537 0.092749 0.120279 0.133433 0.020938 0.000000 0.011367 0.053274 0.002392 0.048877 0.038111 0.063442 0.020172 0.042447 0.036684 
0.054781 0.037769 0.072327 0.044387 0.070223 0.075368 0.078261 0.089656 0.045676 0.091756 0.037878 0.092758 0.088532 0.082975 0.119307 0.108399 0.073490 0.049193 0.035391 0.067269 0.113967 0.096859 0.132773 0.000977 0.011367 0.000000 0.041420 0.046290 0.071891 0.046690 0.034769 0.006871 0.078537 0.073978 
0.054996 0.047430 0.044167 0.058610 0.067888 0.081003 0.099020 0.031597 0.059622 0.039418 0.057911 0.100996 0.071438 0.027730 0.063963 0.050637 0.126511 0.115844 0.068601 0.026309 0.036558 0.039048 0.088642 0.051114 0.053274 0.041420 0.000000 0.029476 0.029137 0.016745 0.048525 0.088694 0.047025 0.044657 
0.024257 0.037788 0.033726 0.023372 0.073654 0.078458 0.089165 0.055110 0.030398 0.044177 0.065252 0.080176 0.060335 0.077990 0.084073 0.086308 0.102471 0.069981 0.022251 0.027499 0.077556 0.075628 0.111696 0.007437 0.002392 0.046290 0.029476 0.000488 0.049231 0.038042 0.028051 0.030553 0.045114 0.041915 
0.044919 0.022408 0.024050 0.041053 0.075752 0.096134 0.094158 0.044096 0.025212 0.049284 0.034459 0.083029 0.085006 0.074519 0.064153 0.044595 0.053486 0.075809 0.061491 0.027848 0.046954 0.100402 0.104842 0.048777 0.048877 0.071891 0.029137 0.049231 0.000000 0.045019 0.020778 0.021965 0.021383 0.018967 
0.036270 0.064389 0.044499 0.046400 0.036782 0.052357 0.048540 0.046982 0.057157 0.066029 0.065871 0.033066 0.055545 0.090005 0.075655 0.068619 0.037493 0.062685 0.042240 0.039136 0.078067 0.117124 0.087539 0.015509 0.038111 0.046690 0.016745 0.038042 0.045019 0.000000 0.055948 0.056234 0.014729 0.010438 
0.032742 0.000598 0.023476 0.027286 0.038273 0.028550 0.046301 0.034580 0.036843 0.076824 0.051694 0.070298 0.050513 0.028277 0.072597 0.054320 0.098496 0.121115 0.045343 0.028996 0.067542 0.037528 0.035592 0.074324 0.063442 0.034769 0.048525 0.028051 0.020778 0.055948 0.000488 0.079193 0.050576 0.045388 
0.028704 0.084998 0.040086 0.040991 0.097035 0.111090 0.100447 0.072293 0.059584 0.036408 0.102724 0.089171 0.087933 0.135662 0.103377 0.095737 0.047336 0.056378 0.056492 0.029549 0.086810 0.148148 0.167393 0.051993 0.020172 0.006871 0.088694 0.030553 0.021965 0.056234 0.079193 0.000488 0.014244 0.013111 
0.034916 0.040610 0.026431 0.038261 0.049383 0.066182 0.080460 0.028498 0.024316 0.052500 0.051505 0.062606 0.053389 0.024983 0.014607 0.005051 0.097973 0.103423 0.059072 0.024854 0.001922 0.038763 0.004980 0.018164 0.042447 0.078537 0.047025 0.045114 0.021383 0.014729 0.050576 0.014244 0.000345 0.004734 
0.031774 0.034615 0.026555 0.034178 0.045146 0.062650 0.077003 0.026388 0.018171 0.053928 0.048312 0.061285 0.052791 0.007421 0.024341 0.013862 0.094277 0.103876 0.055978 0.023468 0.018796 0.047000 0.015548 0.010825 0.036684 0.073978 0.044657 0.041915 0.018967 0.010438 0.045388 0.013111 0.004734 0.000691 
