0.000488 0.017739 0.008680 0.026885 0.042302 0.111093 0.036355 0.005819 0.005950 0.031389 0.052727 0.051309 0.035103 0.031440 0.050778 0.027077 0.082917 0.015483 0.044191 0.012733 0.071647 0.009790 0.020708 0.021073 0.065365 0.077379 0.038934 0.017038 0.037065 0.044288 0.025638 0.058795 0.050320 0.024893 
0.017739 0.000000 0.015332 0.039394 0.026604 0.128615 0.022403 0.050378 0.037970 0.025823 0.037325 0.031477 0.044602 0.003521 0.067830 0.031703 0.076642 0.002762 0.047571 0.011780 0.091070 0.044032 0.051417 0.016098 0.070456 0.056697 0.039152 0.024998 0.059730 0.045371 0.003588 0.039556 0.068028 0.043596 
0.008680 0.015332 0.000488 0.001465 0.053782 0.110787 0.042800 0.011236 0.009729 0.029916 0.063366 0.050855 0.052429 0.004759 0.052836 0.036278 0.088900 0.033217 0.035491 0.038615 0.074801 0.048342 0.046595 0.020725 0.080528 0.077134 0.030018 0.003521 0.035692 0.044498 0.043431 0.069649 0.046306 0.023105 
0.026885 0.039394 0.001465 0.000345 0.050577 0.088543 0.026887 0.022068 0.041574 0.052180 0.037540 0.087116 0.012458 0.030697 0.057108 0.049728 0.036742 0.091018 0.057138 0.064120 0.037628 0.041832 0.023610 0.031770 0.087676 0.086607 0.078677 0.029980 0.036049 0.037370 0.058762 0.072533 0.069647 0.033084 
0.042302 0.026604 0.053782 0.050577 0.000000 0.037627 0.044129 0.093638 0.094526 0.109231 0.001465 0.142398 0.038835 0.058169 0.046503 0.105232 0.072919 0.082979 0.095211 0.044031 0.061691 0.072361 0.026839 0.064135 0.056594 0.146195 0.091196 0.035595 0.073641 0.073683 0.056831 0.123672 0.058214 0.052818 
0.111093 0.128615 0.110787 0.088543 0.037627 0.000345 0.017653 0.035905 0.074137 0.126785 0.015097 0.040992 0.188626 0.095285 0.071944 0.051568 0.010090 0.126035 0.123206 0.073513 0.053555 0.138503 0.086921 0.105705 0.146632 0.074150 0.101478 0.093459 0.060390 0.126659 0.147645 0.046563 0.068868 0.087437 
0.036355 0.022403 0.042800 0.026887 0.044129 0.017653 0.000488 0.114381 0.090735 0.070736 0.033771 0.127737 0.082782 0.069472 0.035511 0.101557 0.005684 0.029670 0.076294 0.101517 0.036779 0.107903 0.067122 0.074407 0.055223 0.154876 0.038478 0.021284 0.090149 0.086223 0.042868 0.117890 0.038249 0.064212 
0.005819 0.050378 0.011236 0.022068 0.093638 0.035905 0.114381 0.000488 0.035161 0.109414 0.093556 0.067862 0.095270 0.085473 0.084327 0.054561 0.136067 0.043825 0.048135 0.085573 0.095316 0.085014 0.089545 0.036056 0.036319 0.034762 0.059682 0.087911 0.023374 0.075040 0.048784 0.063668 0.069969 0.037920 
0.005950 0.037970 0.009729 0.041574 0.094526 0.074137 0.090735 0.035161 0.000488 0.063567 0.090825 0.028405 0.081547 0.039199 0.031848 0.025018 0.112735 0.058502 0.030277 0.102986 0.062575 0.051290 0.085746 0.038045 0.096096 0.052800 0.064999 0.052694 0.030539 0.061235 0.056050 0.058115 0.020374 0.010597 
0.031389 0.025823 0.029916 0.052180 0.109231 0.126785 0.070736 0.109414 0.063567 0.000488 0.089756 0.048397 0.036027 0.071911 0.082002 0.052791 0.101369 0.095952 0.036194 0.150252 0.039827 0.133341 0.051118 0.075487 0.152680 0.091205 0.087453 0.037992 0.094594 0.086622 0.083756 0.045040 0.084935 0.066772 
0.052727 0.037325 0.063366 0.037540 0.001465 0.015097 0.033771 0.093556 0.090825 0.089756 0.000000 0.129291 0.066505 0.091657 0.043606 0.090955 0.037848 0.075258 0.099987 0.055776 0.083182 0.101899 0.026970 0.069655 0.075363 0.139099 0.098947 0.053785 0.077153 0.072123 0.053352 0.096490 0.029948 0.062778 
0.051309 0.031477 0.050855 0.087116 0.142398 0.040992 0.127737 0.067862 0.028405 0.048397 0.129291 0.000488 0.073519 0.038772 0.060096 0.042408 0.144239 0.074857 0.033916 0.170733 0.109190 0.126886 0.122749 0.046667 0.134046 0.053109 0.103719 0.077928 0.037832 0.087272 0.066421 0.075995 0.052738 0.040190 
0.035103 0.044602 0.052429 0.012458 0.038835 0.188626 0.082782 0.095270 0.081547 0.036027 0.066505 0.073519 0.000000 0.117163 0.125989 0.045114 0.095596 0.108717 0.050376 0.052820 0.177388 0.162174 0.031950 0.039197 0.154750 0.066063 0.092274 0.092237 0.101761 0.082732 0.088604 0.087466 0.097488 0.078504 
0.031440 0.003521 0.004759 0.030697 0.058169 0.095285 0.069472 0.085473 0.039199 0.071911 0.091657 0.038772 0.117163 0.000488 0.028691 0.065552 0.123197 0.112869 0.042907 0.070636 0.094803 0.037654 0.104540 0.060791 0.060994 0.109565 0.082842 0.038215 0.060532 0.081154 0.050713 0.097527 0.068006 0.049383 
0.050778 0.067830 0.052836 0.057108 0.046503 0.071944 0.035511 0.084327 0.031848 0.082002 0.043606 0.060096 0.125989 0.028691 0.000000 0.051669 0.079510 0.053397 0.050190 0.106182 0.064257 0.110986 0.073009 0.027683 0.032669 0.117846 0.078678 0.027903 0.055076 0.043318 0.067587 0.076184 0.036460 0.015149 
0.027077 0.031703 0.036278 0.049728 0.105232 0.051568 0.101557 0.054561 0.025018 0.052791 0.090955 0.042408 0.045114 0.065552 0.051669 0.000000 0.110095 0.094163 0.032887 0.126324 0.102323 0.041072 0.076677 0.045946 0.088513 0.030267 0.099114 0.069081 0.036280 0.080074 0.033520 0.032884 0.008680 0.021008 
0.082917 0.076642 0.088900 0.036742 0.072919 0.010090 0.005684 0.136067 0.112735 0.101369 0.037848 0.144239 0.095596 0.123197 0.079510 0.110095 0.000000 0.084101 0.125849 0.130992 0.047988 0.130467 0.041993 0.112060 0.152206 0.173402 0.085772 0.082962 0.112465 0.129788 0.111067 0.107577 0.066355 0.094912 
0.015483 0.002762 0.033217 0.091018 0.082979 0.126035 0.029670 0.043825 0.058502 0.095952 0.075258 0.074857 0.108717 0.112869 0.053397 0.094163 0.084101 0.000000 0.078431 0.113355 0.060201 0.141581 0.117642 0.034976 0.148591 0.034101 0.062930 0.083945 0.053807 0.051020 0.125975 0.124266 0.045673 0.026098 
0.044191 0.047571 0.035491 0.057138 0.095211 0.123206 0.076294 0.048135 0.030277 0.036194 0.099987 0.033916 0.050376 0.042907 0.050190 0.032887 0.125849 0.078431 0.000488 0.101680 0.088238 0.120733 0.085238 0.027687 0.110333 0.032784 0.030051 0.038019 0.049495 0.049601 0.045485 0.079331 0.015463 0.009141 
0.012733 0.011780 0.038615 0.064120 0.044031 0.073513 0.101517 0.085573 0.102986 0.150252 0.055776 0.170733 0.052820 0.070636 0.106182 0.126324 0.130992 0.113355 0.101680 0.000488 0.041039 0.057642 0.041690 0.051648 0.134113 0.157880 0.094642 0.097771 0.057417 0.078458 0.112865 0.158691 0.104580 0.003088 
0.071647 0.091070 0.074801 0.037628 0.061691 0.053555 0.036779 0.095316 0.062575 0.039827 0.083182 0.109190 0.177388 0.094803 0.064257 0.102323 0.047988 0.060201 0.088238 0.041039 0.000000 0.055130 0.130513 0.046187 0.154631 0.138788 0.088819 0.086974 0.067586 0.054993 0.146494 0.144000 0.009802 0.027246 
0.009790 0.044032 0.048342 0.041832 0.072361 0.138503 0.107903 0.085014 0.051290 0.133341 0.101899 0.126886 0.162174 0.037654 0.110986 0.041072 0.130467 0.141581 0.120733 0.057642 0.055130 0.000488 0.143530 0.034749 0.073568 0.077259 0.131829 0.072397 0.083666 0.039725 0.039996 0.052258 0.132928 0.066444 
0.020708 0.051417 0.046595 0.023610 0.026839 0.086921 0.067122 0.089545 0.085746 0.051118 0.026970 0.122749 0.031950 0.104540 0.073009 0.076677 0.041993 0.117642 0.085238 0.041690 0.130513 0.143530 0.000000 0.041670 0.086294 0.133586 0.107743 0.066516 0.078091 0.044897 0.041088 0.066430 0.007234 0.057068 
0.021073 0.016098 0.020725 0.031770 0.064135 0.105705 0.074407 0.036056 0.038045 0.075487 0.069655 0.046667 0.039197 0.060791 0.027683 0.045946 0.112060 0.034976 0.027687 0.051648 0.046187 0.034749 0.041670 0.000488 0.026542 0.045583 0.045988 0.060240 0.041319 0.002441 0.049932 0.036270 0.001465 0.009493 
0.065365 0.070456 0.080528 0.087676 0.056594 0.146632 0.055223 0.036319 0.096096 0.152680 0.075363 0.134046 0.154750 0.060994 0.032669 0.088513 0.152206 0.148591 0.110333 0.134113 0.154631 0.073568 0.086294 0.026542 0.000488 0.015867 0.147746 0.002238 0.052834 0.063544 0.039130 0.068454 0.069540 0.052213 
0.077379 0.056697 0.077134 0.086607 0.146195 0.074150 0.154876 0.034762 0.052800 0.091205 0.139099 0.053109 0.066063 0.109565 0.117846 0.030267 0.173402 0.034101 0.032784 0.157880 0.138788 0.077259 0.133586 0.045583 0.015867 0.000000 0.109975 0.122558 0.063614 0.069403 0.080382 0.012338 0.106546 0.081411 
0.038934 0.039152 0.030018 0.078677 0.091196 0.101478 0.038478 0.059682 0.064999 0.087453 0.098947 0.103719 0.092274 0.082842 0.078678 0.099114 0.085772 0.062930 0.030051 0.094642 0.088819 0.131829 0.107743 0.045988 0.147746 0.109975 0.000488 0.063206 0.036037 0.070652 0.105550 0.141260 0.042899 0.029940 
0.017038 0.024998 0.003521 0.029980 0.035595 0.093459 0.021284 0.087911 0.052694 0.037992 0.053785 0.077928 0.092237 0.038215 0.027903 0.069081 0.082962 0.083945 0.038019 0.097771 0.086974 0.072397 0.066516 0.060240 0.002238 0.122558 0.063206 0.000488 0.060036 0.082666 0.038545 0.093204 0.034639 0.041540 
0.037065 0.059730 0.035692 0.036049 0.073641 0.060390 0.090149 0.023374 0.030539 0.094594 0.077153 0.037832 0.101761 0.060532 0.055076 0.036280 0.112465 0.053807 0.049495 0.057417 0.067586 0.083666 0.078091 0.041319 0.052834 0.063614 0.036037 0.060036 0.000488 0.066315 0.039112 0.022211 0.042780 0.004229 
0.044288 0.045371 0.044498 0.037370 0.073683 0.126659 0.086223 0.075040 0.061235 0.086622 0.072123 0.087272 0.082732 0.081154 0.043318 0.080074 0.129788 0.051020 0.049601 0.078458 0.054993 0.039725 0.044897 0.002441 0.063544 0.069403 0.070652 0.082666 0.066315 0.000000 0.094176 0.089885 0.012544 0.017359 
0.025638 0.003588 0.043431 0.058762 0.056831 0.147645 0.042868 0.048784 0.056050 0.083756 0.053352 0.066421 0.088604 0.050713 0.067587 0.033520 0.111067 0.125975 0.045485 0.112865 0.146494 0.039996 0.041088 0.049932 0.039130 0.080382 0.105550 0.038545 0.039112 0.094176 0.000000 0.057431 0.014946 0.033328 
0.058795 0.039556 0.069649 0.072533 0.123672 0.046563 0.117890 0.063668 0.058115 0.045040 0.096490 0.075995 0.087466 0.097527 0.076184 0.032884 0.107577 0.124266 0.079331 0.158691 0.144000 0.052258 0.066430 0.036270 0.068454 0.012338 0.141260 0.093204 0.022211 0.089885 0.057431 0.000000 0.004448 0.048608 
0.050320 0.068028 0.046306 0.069647 0.058214 0.068868 0.038249 0.069969 0.020374 0.084935 0.029948 0.052738 0.097488 0.068006 0.036460 0.008680 0.066355 0.045673 0.015463 0.104580 0.009802 0.132928 0.007234 0.001465 0.069540 0.106546 0.042899 0.034639 0.042780 0.012544 0.014946 0.004448 0.000488 0.012955 
0.024893 0.043596 0.023105 0.033084 0.052818 0.087437 0.064212 0.037920 0.010597 0.066772 0.062778 0.040190 0.078504 0.049383 0.015149 0.021008 0.094912 0.026098 0.009141 0.003088 0.027246 0.066444 0.057068 0.009493 0.052213 0.081411 0.029940 0.041540 0.004229 0.017359 0.033328 0.048608 0.012955 0.000488 
