   1.570796370506    1.615276575089    1.620667219162    1.636078000069    1.655152797699    1.644356489182    1.644867181778    1.652391195297    1.657806396484    1.680014491081    1.658207416534    1.704528570175    1.668808102608    1.633982300758    1.746365070343    1.690786361694    1.695551633835    1.665759086609    1.769608974457    1.654921174049    1.715584754944    1.686210036278    1.729515314102    1.706708550453    1.740164041519    1.749145627022    1.758479118347    1.694064140320    1.705049276352    1.733875036240    1.673650145531    1.704183459282    1.685513854027    1.675580859184 
   1.615276575089    1.570796370506    1.593408584595    1.624458193779    1.676930785179    1.687198638916    1.683163404465    1.629831433296    1.658951878548    1.683802127838    1.691024184227    1.730242252350    1.678359389305    1.608388304710    1.732937574387    1.714921474457    1.735770583153    1.676021099091    1.775233864784    1.677309393883    1.693129301071    1.660933613777    1.735612988472    1.703538775444    1.722187161446    1.746624588966    1.762883186340    1.678652167320    1.674791574478    1.741299986839    1.680704593658    1.698053002357    1.685777068138    1.675921678543 
   1.620667219162    1.593408584595    1.570796489716    1.634904384613    1.690201878548    1.692859888077    1.690882444382    1.624782800674    1.655416250229    1.665362238884    1.700308084488    1.718437910080    1.683709502220    1.627052664757    1.723311781883    1.703046560287    1.739158630371    1.679439425468    1.760020732880    1.666697978973    1.692777633667    1.670853614807    1.723515272141    1.690052151680    1.702521681786    1.727419137955    1.758132934570    1.665238499641    1.660019159317    1.733377218246    1.682728171349    1.677367687225    1.674409627914    1.662396430969 
   1.636078000069    1.624458193779    1.634904384613    1.570796370506    1.690250873566    1.692350745201    1.697014570236    1.630621194839    1.709015727043    1.686620831490    1.682045221329    1.737658739090    1.631635427475    1.636690974236    1.785630941391    1.749478936195    1.751313447952    1.677728533745    1.820717573166    1.696713566780    1.739163637161    1.692556023598    1.779296875000    1.740159749985    1.745578765869    1.780120134354    1.807991385460    1.707113504410    1.714733719826    1.784324407578    1.728085279465    1.736706852913    1.734845399857    1.722651600838 
   1.655152797699    1.676930785179    1.690201878548    1.690250873566    1.570796608925    1.662702798843    1.658518910408    1.702493548393    1.680350899696    1.756876707077    1.631481409073    1.772267341614    1.719729661942    1.682987213135    1.778528332710    1.733772158623    1.699555993080    1.732771754265    1.808449149132    1.686206936836    1.758836984634    1.680189371109    1.743946552277    1.776436567307    1.817005276680    1.818847894669    1.794180274010    1.771875858307    1.755927443504    1.779413461685    1.691036105156    1.764415502548    1.731730222702    1.730244159698 
   1.644356489182    1.687198638916    1.692859888077    1.692350745201    1.662702798843    1.570796370506    1.598759651184    1.720741271973    1.699342250824    1.721051812172    1.646925568581    1.696937441826    1.692427873611    1.691872477531    1.789213538170    1.692519664764    1.633093357086    1.677343010902    1.789706707001    1.683573007584    1.761562108994    1.744985818863    1.758349418640    1.739192366600    1.793125867844    1.782142281532    1.766873002052    1.741996526718    1.772647976875    1.743806362152    1.694179892540    1.751488208771    1.720819473267    1.714114069939 
   1.644867181778    1.683163404465    1.690882444382    1.697014570236    1.658518910408    1.598759651184    1.570796608925    1.725716829300    1.687034249306    1.732201576233    1.661366939545    1.707641005516    1.706668496132    1.681589603424    1.774315595627    1.690469264984    1.628874063492    1.673136234283    1.781920194626    1.693927288055    1.742498874664    1.735900759697    1.753917813301    1.730547904968    1.792752504349    1.779318928719    1.747029900551    1.736165642738    1.767285943031    1.728071212769    1.672937154770    1.749802589417    1.709067225456    1.704823732376 
   1.652391195297    1.629831433296    1.624782800674    1.630621194839    1.702493548393    1.720741271973    1.725716829300    1.570796370506    1.693462491035    1.672196149826    1.701357960701    1.748101711273    1.677001118660    1.662307739258    1.760410308838    1.741583585739    1.774699449539    1.718096733093    1.796521663666    1.672667860985    1.738614201546    1.672904968262    1.744653701782    1.736778259277    1.721879720688    1.761556506157    1.810480952263    1.705375790596    1.673436880112    1.784719467163    1.730008125305    1.703859925270    1.719869375229    1.707837581635 
   1.657806396484    1.658951878548    1.655416250229    1.709015727043    1.680350899696    1.699342250824    1.687034249306    1.693462491035    1.570796608925    1.720430612564    1.715819597244    1.741568088531    1.754032731056    1.673191666603    1.670915603638    1.670257449150    1.718025207520    1.722965717316    1.709802150726    1.668607473373    1.680524110794    1.670833230019    1.662880659103    1.693254828453    1.739046573639    1.728501796722    1.712296962738    1.702234983444    1.675823450089    1.695436120033    1.622810482979    1.673779487610    1.629593610764    1.633947372437 
   1.680014491081    1.683802127838    1.665362238884    1.686620831490    1.756876707077    1.721051812172    1.732201576233    1.672196149826    1.720430612564    1.570796608925    1.738536357880    1.668724656105    1.691813707352    1.711673378944    1.767714500427    1.702263236046    1.761631965637    1.701360702515    1.761315822601    1.675257325172    1.757191538811    1.758530259132    1.747302055359    1.694832921028    1.673751711845    1.698394417763    1.790529727936    1.673973560333    1.702187657356    1.754204988480    1.747122406960    1.672644972801    1.710584163666    1.692596793175 
   1.658207416534    1.691024184227    1.700308084488    1.682045221329    1.631481409073    1.646925568581    1.661366939545    1.701357960701    1.715819597244    1.738536357880    1.570796370506    1.750938534737    1.686677575111    1.703990697861    1.815355300903    1.739351987839    1.696725964546    1.728133559227    1.828269839287    1.677881360054    1.794660568237    1.721673250198    1.767837762833    1.788590431213    1.819906830788    1.824799418449    1.824037313461    1.780181884766    1.777476072311    1.801868557930    1.730256557465    1.774842739105    1.756972432137    1.750381112099 
   1.704528570175    1.730242252350    1.718437910080    1.737658739090    1.772267341614    1.696937441826    1.707641005516    1.748101711273    1.741568088531    1.668724656105    1.750938534737    1.570796489716    1.725709438324    1.744496822357    1.788826465607    1.673217892647    1.709614872932    1.686674952507    1.752907991409    1.709116101265    1.775225639343    1.811083555222    1.768285751343    1.690949559212    1.728122949600    1.703968644142    1.759112596512    1.701550602913    1.769046783447    1.721783161163    1.743698358536    1.713900208473    1.718552827835    1.704465150833 
   1.668808102608    1.678359389305    1.683709502220    1.631635427475    1.719729661942    1.692427873611    1.706668496132    1.677001118660    1.754032731056    1.691813707352    1.686677575111    1.725709438324    1.570796370506    1.686960220337    1.833321809769    1.767420887947    1.752225399017    1.679800510406    1.851332426071    1.717953205109    1.786306738853    1.750591516495    1.816784620285    1.766147851944    1.771017909050    1.801966428757    1.838604807854    1.735320925713    1.764991521835    1.811292171478    1.767751574516    1.770038485527    1.772931098938    1.758705854416 
   1.633982300758    1.608388304710    1.627052664757    1.636690974236    1.682987213135    1.691872477531    1.681589603424    1.662307739258    1.673191666603    1.711673378944    1.703990697861    1.744496822357    1.686960220337    1.570796370506    1.740993380547    1.732080221176    1.736772537231    1.664250493050    1.791350722313    1.709879994392    1.680247306824    1.669165015221    1.759861230850    1.709085822105    1.739793777466    1.762485027313    1.756705284119    1.684068679810    1.696362853050    1.740895867348    1.678278326988    1.723353743553    1.697752118111    1.690482258797 
   1.746365070343    1.732937574387    1.723311781883    1.785630941391    1.778528332710    1.789213538170    1.774315595627    1.760410308838    1.670915603638    1.767714500427    1.815355300903    1.788826465607    1.833321809769    1.740993380547    1.570796608925    1.712854504585    1.794706583023    1.780671954155    1.671430706978    1.747638463974    1.669129133224    1.732586860657    1.679749011993    1.691054463387    1.728752851486    1.705909967422    1.688528537750    1.712973237038    1.678966760635    1.684323072433    1.680575847626    1.676331639290    1.645026564598    1.658109068871 
   1.690786361694    1.714921474457    1.703046560287    1.749478936195    1.733772158623    1.692519664764    1.690469264984    1.741583585739    1.670257449150    1.702263236046    1.739351987839    1.673217892647    1.767420887947    1.732080221176    1.712854504585    1.570796370506    1.687037348747    1.721767663956    1.672779083252    1.672047615051    1.734549164772    1.764405012131    1.677630186081    1.674637556076    1.735189199448    1.689109563828    1.701155424118    1.707330465317    1.730986833572    1.667001962662    1.675016403198    1.670376300812    1.646718382835    1.643028974533 
   1.695551633835    1.735770583153    1.739158630371    1.751313447952    1.699555993080    1.633093357086    1.628874063492    1.774699449539    1.718025207520    1.761631965637    1.696725964546    1.709614872932    1.752225399017    1.736772537231    1.794706583023    1.687037348747    1.570796608925    1.710980653763    1.779429197311    1.717608571053    1.777777910233    1.784400582314    1.763274669647    1.750333786011    1.822172880173    1.791328907013    1.747642874718    1.769558548927    1.806535124779    1.729520916939    1.697667837143    1.772122502327    1.728991031647    1.727320551872 
   1.665759086609    1.676021099091    1.679439425468    1.677728533745    1.732771754265    1.677343010902    1.673136234283    1.718096733093    1.722965717316    1.701360702515    1.728133559227    1.686674952507    1.679800510406    1.664250493050    1.780671954155    1.721767663956    1.710980653763    1.570796370506    1.797141313553    1.734935164452    1.717666864395    1.759356260300    1.796755433083    1.692075133324    1.740620374680    1.747563242912    1.748521208763    1.676103353500    1.751725196838    1.726062893867    1.710646152496    1.741667389870    1.718834400177    1.707348823547 
   1.769608974457    1.775233864784    1.760020732880    1.820717573166    1.808449149132    1.789706707001    1.781920194626    1.796521663666    1.709802150726    1.761315822601    1.828269839287    1.752907991409    1.851332426071    1.791350722313    1.671430706978    1.672779083252    1.779429197311    1.797141313553    1.570796608925    1.742593050003    1.742315292358    1.800259947777    1.670421838760    1.694554686546    1.738792538643    1.675091385841    1.693843841553    1.736896514893    1.735031008720    1.673203945160    1.717413306236    1.674483299255    1.665037870407    1.672424316406 
   1.654921174049    1.677309393883    1.666697978973    1.696713566780    1.686206936836    1.683573007584    1.693927288055    1.672667860985    1.668607473373    1.675257325172    1.677881360054    1.709116101265    1.717953205109    1.709879994392    1.747638463974    1.672047615051    1.717608571053    1.734935164452    1.742593050003    1.570796608925    1.762200832367    1.714245080948    1.681953430176    1.729683756828    1.744994401932    1.741994142532    1.782650828362    1.729643464088    1.708898425102    1.752145171165    1.706323146820    1.683118104935    1.691659569740    1.682697772980 
   1.715584754944    1.693129301071    1.692777633667    1.739163637161    1.758836984634    1.761562108994    1.742498874664    1.738614201546    1.680524110794    1.757191538811    1.794660568237    1.775225639343    1.786306738853    1.680247306824    1.669129133224    1.734549164772    1.777777910233    1.717666864395    1.742315292358    1.762200832367    1.570796608925    1.714923858643    1.748737931252    1.673273205757    1.724236845970    1.726493954659    1.686470627785    1.672515869141    1.687905192375    1.686460852623    1.667129635811    1.709851264954    1.666817426682    1.670393586159 
   1.686210036278    1.660933613777    1.670853614807    1.692556023598    1.680189371109    1.744985818863    1.735900759697    1.672904968262    1.670833230019    1.758530259132    1.721673250198    1.811083555222    1.750591516495    1.669165015221    1.732586860657    1.764405012131    1.784400582314    1.759356260300    1.800259947777    1.714245080948    1.714923858643    1.570796608925    1.734234809875    1.765332818031    1.778547406197    1.802020311356    1.795829057693    1.747891068459    1.687170386314    1.785187840462    1.700813889503    1.738367795944    1.719720840454    1.719553589821 
   1.729515314102    1.735612988472    1.723515272141    1.779296875000    1.743946552277    1.758349418640    1.753917813301    1.744653701782    1.662880659103    1.747302055359    1.767837762833    1.768285751343    1.816784620285    1.759861230850    1.679749011993    1.677630186081    1.763274669647    1.796755433083    1.670421838760    1.681953430176    1.748737931252    1.734234809875    1.570796370506    1.731901288033    1.758420705795    1.729570746422    1.745507836342    1.753531217575    1.705358862877    1.725600004196    1.697803854942    1.672717690468    1.666918158531    1.673332095146 
   1.706708550453    1.703538775444    1.690052151680    1.740159749985    1.776436567307    1.739192366600    1.730547904968    1.736778259277    1.693254828453    1.694832921028    1.788590431213    1.690949559212    1.766147851944    1.709085822105    1.691054463387    1.674637556076    1.750333786011    1.692075133324    1.694554686546    1.729683756828    1.673273205757    1.765332818031    1.731901288033    1.570796608925    1.667019367218    1.638291835785    1.678122639656    1.623336315155    1.696937441826    1.646624803543    1.689815521240    1.658559083939    1.644738197327    1.635006666183 
   1.740164041519    1.722187161446    1.702521681786    1.745578765869    1.817005276680    1.793125867844    1.792752504349    1.721879720688    1.739046573639    1.673751711845    1.819906830788    1.728122949600    1.771017909050    1.739793777466    1.728752851486    1.735189199448    1.822172880173    1.740620374680    1.738792538643    1.744994401932    1.724236845970    1.778547406197    1.758420705795    1.667019367218    1.570796608925    1.650313496590    1.767831087112    1.643993020058    1.674522995949    1.738238811493    1.760528326035    1.657169699669    1.705049753189    1.691223263741 
   1.749145627022    1.746624588966    1.727419137955    1.780120134354    1.818847894669    1.782142281532    1.779318928719    1.761556506157    1.728501796722    1.698394417763    1.824799418449    1.703968644142    1.801966428757    1.762485027313    1.705909967422    1.689109563828    1.791328907013    1.747563242912    1.675091385841    1.741994142532    1.726493954659    1.802020311356    1.729570746422    1.638291835785    1.650313496590    1.570796608925    1.717720150948    1.665160655975    1.708423614502    1.684586405754    1.739138007164    1.646292090416    1.676108956337    1.666880846024 
   1.758479118347    1.762883186340    1.758132934570    1.807991385460    1.794180274010    1.766873002052    1.747029900551    1.810480952263    1.712296962738    1.790529727936    1.824037313461    1.759112596512    1.838604807854    1.756705284119    1.688528537750    1.701155424118    1.747642874718    1.748521208763    1.693843841553    1.782650828362    1.686470627785    1.795829057693    1.745507836342    1.678122639656    1.767831087112    1.717720150948    1.570796608925    1.721673727036    1.762920141220    1.610775470734    1.677106261253    1.731818795204    1.672748684883    1.683278679848 
   1.694064140320    1.678652167320    1.665238499641    1.707113504410    1.771875858307    1.741996526718    1.736165642738    1.705375790596    1.702234983444    1.673973560333    1.780181884766    1.701550602913    1.735320925713    1.684068679810    1.712973237038    1.707330465317    1.769558548927    1.676103353500    1.736896514893    1.729643464088    1.672515869141    1.747891068459    1.753531217575    1.623336315155    1.643993020058    1.665160655975    1.721673727036    1.570796370506    1.677650332451    1.694821357727    1.708111643791    1.667177438736    1.671622157097    1.657797574997 
   1.705049276352    1.674791574478    1.660019159317    1.714733719826    1.755927443504    1.772647976875    1.767285943031    1.673436880112    1.675823450089    1.702187657356    1.777476072311    1.769046783447    1.764991521835    1.696362853050    1.678966760635    1.730986833572    1.806535124779    1.751725196838    1.735031008720    1.708898425102    1.687905192375    1.687170386314    1.705358862877    1.696937441826    1.674522995949    1.708423614502    1.762920141220    1.677650332451    1.570796608925    1.742522716522    1.713132977486    1.650668382645    1.675042748451    1.668766736984 
   1.733875036240    1.741299986839    1.733377218246    1.784324407578    1.779413461685    1.743806362152    1.728071212769    1.784719467163    1.695436120033    1.754204988480    1.801868557930    1.721783161163    1.811292171478    1.740895867348    1.684323072433    1.667001962662    1.729520916939    1.726062893867    1.673203945160    1.752145171165    1.686460852623    1.785187840462    1.725600004196    1.646624803543    1.738238811493    1.684586405754    1.610775470734    1.694821357727    1.742522716522    1.570796608925    1.669337272644    1.700374126434    1.648022651672    1.654370307922 
   1.673650145531    1.680704593658    1.682728171349    1.728085279465    1.691036105156    1.694179892540    1.672937154770    1.730008125305    1.622810482979    1.747122406960    1.730256557465    1.743698358536    1.767751574516    1.678278326988    1.680575847626    1.675016403198    1.697667837143    1.710646152496    1.717413306236    1.706323146820    1.667129635811    1.700813889503    1.697803854942    1.689815521240    1.760528326035    1.739138007164    1.677106261253    1.708111643791    1.713132977486    1.669337272644    1.570796608925    1.705166339874    1.638736724854    1.647640824318 
   1.704183459282    1.698053002357    1.677367687225    1.736706852913    1.764415502548    1.751488208771    1.749802589417    1.703859925270    1.673779487610    1.672644972801    1.774842739105    1.713900208473    1.770038485527    1.723353743553    1.676331639290    1.670376300812    1.772122502327    1.741667389870    1.674483299255    1.683118104935    1.709851264954    1.738367795944    1.672717690468    1.658559083939    1.657169699669    1.646292090416    1.731818795204    1.667177438736    1.650668382645    1.700374126434    1.705166339874    1.570796370506    1.642597436905    1.631791114807 
   1.685513377190    1.685777068138    1.674409627914    1.734845399857    1.731730580330    1.720819473267    1.709067225456    1.719869732857    1.629593610764    1.710584163666    1.756972432137    1.718552827835    1.772930741310    1.697752118111    1.645026564598    1.646718382835    1.728991031647    1.718834400177    1.665037274361    1.691659092903    1.666816830635    1.719720840454    1.666917562485    1.644739031792    1.705049753189    1.676108956337    1.672748684883    1.671622157097    1.675042748451    1.648021936417    1.638736724854    1.642597436905    1.570796370506    1.589160799980 
   1.675580859184    1.675921678543    1.662397027016    1.722651600838    1.730244159698    1.714114546776    1.704823732376    1.707837581635    1.633947372437    1.692596793175    1.750381112099    1.704465150833    1.758705854416    1.690482258797    1.658109068871    1.643028974533    1.727320551872    1.707348823547    1.672424316406    1.682698369026    1.670393586159    1.719553589821    1.673332095146    1.635006666183    1.691222786903    1.666880846024    1.683279156685    1.657796859741    1.668766736984    1.654370307922    1.647640109062    1.631791114807    1.589160799980    1.570796370506 
