0.000488 0.007658 0.006253 0.015709 0.008286 0.048995 0.041376 0.017145 0.014357 0.037208 0.005109 0.056348 0.018993 0.037576 0.076676 0.093040 0.071214 0.071317 0.041620 0.056107 0.041993 0.010207 0.045126 0.046797 0.076266 0.051525 0.076872 0.022456 0.033466 0.070061 0.058244 0.035797 0.042787 0.041793 
0.007658 0.000000 0.016436 0.028095 0.045754 0.048081 0.038281 0.005610 0.022138 0.031096 0.040530 0.077000 0.061392 0.028470 0.071802 0.068374 0.062801 0.069696 0.044229 0.049738 0.036827 0.017826 0.032270 0.027399 0.075843 0.062823 0.072729 0.022712 0.052552 0.067294 0.052501 0.033294 0.039740 0.038869 
0.006253 0.016436 0.000000 0.019024 0.085652 0.047530 0.066101 0.009063 0.030186 0.057135 0.076611 0.091278 0.076390 0.008315 0.070617 0.054596 0.055883 0.092061 0.053156 0.071471 0.027393 0.022546 0.037775 0.029773 0.071759 0.046574 0.069976 0.010625 0.044272 0.035765 0.029278 0.019004 0.028154 0.027721 
0.015709 0.028095 0.019024 0.000000 0.055324 0.057363 0.048291 0.034418 0.034742 0.065946 0.051332 0.055708 0.011565 0.029539 0.089586 0.101038 0.079424 0.092585 0.042645 0.084530 0.031426 0.016312 0.059941 0.045448 0.084873 0.041341 0.088658 0.021886 0.037447 0.062870 0.059133 0.033521 0.050570 0.049944 
0.008286 0.045754 0.085652 0.055324 0.000000 0.038300 0.081169 0.139028 0.130904 0.135145 0.004968 0.112760 0.091644 0.125241 0.129823 0.071622 0.028595 0.033082 0.076112 0.125113 0.091018 0.046162 0.037075 0.127275 0.109703 0.133932 0.169687 0.135767 0.132053 0.099775 0.105455 0.039416 0.103629 0.102813 
0.048995 0.048081 0.047530 0.057363 0.038300 0.000488 0.014596 0.039481 0.074140 0.074619 0.013732 0.033782 0.061600 0.061783 0.056606 0.109797 0.027736 0.055872 0.062579 0.039924 0.058114 0.063166 0.039336 0.040352 0.036625 0.073611 0.086822 0.038230 0.029636 0.067916 0.067326 0.034566 0.052162 0.051035 
0.041376 0.038281 0.066101 0.048291 0.081169 0.014596 0.000000 0.132699 0.100560 0.126861 0.068544 0.043231 0.054815 0.150786 0.111971 0.068730 0.005282 0.057716 0.138106 0.141078 0.134695 0.067803 0.039542 0.106044 0.088335 0.050581 0.129431 0.133548 0.111876 0.045673 0.055885 0.027747 0.082942 0.083424 
0.017145 0.005610 0.009063 0.034418 0.139028 0.039481 0.132699 0.000691 0.037922 0.059946 0.122840 0.139817 0.134808 0.042622 0.040721 0.107037 0.040610 0.106461 0.085935 0.070385 0.059058 0.047344 0.039773 0.050509 0.059274 0.058620 0.037273 0.042022 0.071979 0.063440 0.061871 0.054054 0.039194 0.038255 
0.014357 0.022138 0.030186 0.034742 0.130904 0.074140 0.100560 0.037922 0.000488 0.046238 0.114804 0.123985 0.118854 0.073892 0.083665 0.087234 0.070301 0.111301 0.061458 0.086435 0.074201 0.049890 0.036678 0.042165 0.098925 0.067862 0.064552 0.070958 0.094429 0.035890 0.015363 0.024241 0.034522 0.035231 
0.037208 0.031096 0.057135 0.065946 0.135145 0.074619 0.126861 0.059946 0.046238 0.000000 0.118025 0.142598 0.152492 0.085177 0.076059 0.129012 0.050189 0.089527 0.052973 0.058846 0.072148 0.050574 0.039346 0.088702 0.103280 0.108923 0.065947 0.098518 0.125252 0.067454 0.031745 0.048529 0.048577 0.048979 
0.005109 0.040530 0.076611 0.051332 0.004968 0.013732 0.068544 0.122840 0.114804 0.118025 0.000488 0.103947 0.084167 0.110948 0.121270 0.071921 0.030471 0.041696 0.056774 0.112402 0.078563 0.042134 0.025395 0.111407 0.106419 0.123113 0.153968 0.121827 0.121383 0.097592 0.098470 0.043979 0.094797 0.094001 
0.056348 0.077000 0.091278 0.055708 0.112760 0.033782 0.043231 0.139817 0.123985 0.142598 0.103947 0.000488 0.078775 0.149123 0.103831 0.061367 0.037606 0.078962 0.121709 0.141151 0.139693 0.035025 0.059431 0.127374 0.076495 0.079680 0.129792 0.135147 0.114174 0.042337 0.066391 0.035622 0.092957 0.093490 
0.018993 0.061392 0.076390 0.011565 0.091644 0.061600 0.054815 0.134808 0.118854 0.152492 0.084167 0.078775 0.000488 0.136912 0.151969 0.127524 0.090357 0.123733 0.127697 0.165518 0.122488 0.033581 0.082059 0.092766 0.129023 0.089923 0.172023 0.124633 0.111075 0.078561 0.100641 0.039012 0.105232 0.104826 
0.037576 0.028470 0.008315 0.029539 0.125241 0.061783 0.150786 0.042622 0.073892 0.085177 0.110948 0.149123 0.136912 0.000000 0.035212 0.107904 0.093131 0.083129 0.103724 0.060158 0.036331 0.049945 0.071566 0.072913 0.042517 0.068078 0.061131 0.032385 0.054778 0.081992 0.068480 0.077719 0.047966 0.047578 
0.076676 0.071802 0.070617 0.089586 0.129823 0.056606 0.111971 0.040721 0.083665 0.076059 0.121270 0.103831 0.151969 0.035212 0.000000 0.060252 0.036145 0.098449 0.069282 0.037230 0.036250 0.076392 0.034740 0.085440 0.039398 0.096165 0.048188 0.037144 0.069582 0.035625 0.031901 0.042515 0.043015 0.043199 
0.093040 0.068374 0.054596 0.101038 0.071622 0.109797 0.068730 0.107037 0.087234 0.129012 0.071921 0.061367 0.127524 0.107904 0.060252 0.000000 0.107869 0.060161 0.180443 0.123257 0.095831 0.093609 0.070015 0.055667 0.077270 0.091070 0.113489 0.075721 0.057431 0.116004 0.064958 0.105235 0.024874 0.024080 
0.071214 0.062801 0.055883 0.079424 0.028595 0.027736 0.005282 0.040610 0.070301 0.050189 0.030471 0.037606 0.090357 0.093131 0.036145 0.107869 0.000488 0.046839 0.105639 0.063378 0.081184 0.086895 0.043066 0.040369 0.041558 0.079473 0.048060 0.069446 0.055209 0.071957 0.064369 0.051782 0.042634 0.041304 
0.071317 0.069696 0.092061 0.092585 0.033082 0.055872 0.057716 0.106461 0.111301 0.089527 0.041696 0.078962 0.123733 0.083129 0.098449 0.060161 0.046839 0.000000 0.108826 0.062887 0.046865 0.063157 0.024456 0.118125 0.098407 0.138778 0.129062 0.111379 0.122647 0.117245 0.105287 0.080891 0.096040 0.095244 
0.041620 0.044229 0.053156 0.042645 0.076112 0.062579 0.138106 0.085935 0.061458 0.052973 0.056774 0.121709 0.127697 0.103724 0.069282 0.180443 0.105639 0.108826 0.000691 0.070743 0.074078 0.077428 0.099235 0.120239 0.039163 0.100193 0.040831 0.116358 0.123678 0.044786 0.056129 0.035415 0.012951 0.008207 
0.056107 0.049738 0.071471 0.084530 0.125113 0.039924 0.141078 0.070385 0.086435 0.058846 0.112402 0.141151 0.165518 0.060158 0.037230 0.123257 0.063378 0.062887 0.070743 0.000488 0.046590 0.027187 0.060942 0.109796 0.066668 0.122330 0.072018 0.090283 0.114899 0.059004 0.036652 0.036192 0.049081 0.049083 
0.041993 0.036827 0.027393 0.031426 0.091018 0.058114 0.134695 0.059058 0.074201 0.072148 0.078563 0.139693 0.122488 0.036331 0.036250 0.095831 0.081184 0.046865 0.074078 0.046590 0.000488 0.056544 0.073798 0.079481 0.032632 0.088722 0.082521 0.062014 0.078275 0.036204 0.033563 0.061195 0.013948 0.014970 
0.010207 0.017826 0.022546 0.016312 0.046162 0.063166 0.067803 0.047344 0.049890 0.050574 0.042134 0.035025 0.033581 0.049945 0.076392 0.093609 0.086895 0.063157 0.077428 0.027187 0.056544 0.000000 0.050341 0.062817 0.084958 0.050786 0.061234 0.033342 0.038849 0.084694 0.063304 0.053207 0.041523 0.040386 
0.045126 0.032270 0.037775 0.059941 0.037075 0.039336 0.039542 0.039773 0.036678 0.039346 0.025395 0.059431 0.082059 0.071566 0.034740 0.070015 0.043066 0.024456 0.099235 0.060942 0.073798 0.050341 0.000488 0.027549 0.050660 0.082060 0.050746 0.037414 0.041033 0.080910 0.060423 0.050026 0.038038 0.036657 
0.046797 0.027399 0.029773 0.045448 0.127275 0.040352 0.106044 0.050509 0.042165 0.088702 0.111407 0.127374 0.092766 0.072913 0.085440 0.055667 0.040369 0.118125 0.120239 0.109796 0.079481 0.062817 0.027549 0.000345 0.081124 0.008937 0.085165 0.053402 0.062951 0.063408 0.047275 0.060504 0.004956 0.005027 
0.076266 0.075843 0.071759 0.084873 0.109703 0.036625 0.088335 0.059274 0.098925 0.103280 0.106419 0.076495 0.129023 0.042517 0.039398 0.077270 0.041558 0.098407 0.039163 0.066668 0.032632 0.084958 0.050660 0.081124 0.000488 0.086739 0.081206 0.004100 0.032057 0.029598 0.051345 0.031536 0.054396 0.054129 
0.051525 0.062823 0.046574 0.041341 0.133932 0.073611 0.050581 0.058620 0.067862 0.108923 0.123113 0.079680 0.089923 0.068078 0.096165 0.091070 0.079473 0.138778 0.100193 0.122330 0.088722 0.050786 0.082060 0.008937 0.086739 0.000000 0.092869 0.037766 0.039071 0.038569 0.034620 0.006157 0.053489 0.053885 
0.076872 0.072729 0.069976 0.088658 0.169687 0.086822 0.129431 0.037273 0.064552 0.065947 0.153968 0.129792 0.172023 0.061131 0.048188 0.113489 0.048060 0.129062 0.040831 0.072018 0.082521 0.061234 0.050746 0.085165 0.081206 0.092869 0.000000 0.067479 0.099396 0.015386 0.034718 0.048911 0.038013 0.039522 
0.022456 0.022712 0.010625 0.021886 0.135767 0.038230 0.133548 0.042022 0.070958 0.098518 0.121827 0.135147 0.124633 0.032385 0.037144 0.075721 0.069446 0.111379 0.116358 0.090283 0.062014 0.033342 0.037414 0.053402 0.004100 0.037766 0.067479 0.000000 0.031373 0.085896 0.065301 0.073392 0.039683 0.038917 
0.033466 0.052552 0.044272 0.037447 0.132053 0.029636 0.111876 0.071979 0.094429 0.125252 0.121383 0.114174 0.111075 0.054778 0.069582 0.057431 0.055209 0.122647 0.123678 0.114899 0.078275 0.038849 0.041033 0.062951 0.032057 0.039071 0.099396 0.031373 0.000488 0.079066 0.037462 0.066054 0.033014 0.033516 
0.070061 0.067294 0.035765 0.062870 0.099775 0.067916 0.045673 0.063440 0.035890 0.067454 0.097592 0.042337 0.078561 0.081992 0.035625 0.116004 0.071957 0.117245 0.044786 0.059004 0.036204 0.084694 0.080910 0.063408 0.029598 0.038569 0.015386 0.085896 0.079066 0.000000 0.029284 0.039041 0.019128 0.018993 
0.058244 0.052501 0.029278 0.059133 0.105455 0.067326 0.055885 0.061871 0.015363 0.031745 0.098470 0.066391 0.100641 0.068480 0.031901 0.064958 0.064369 0.105287 0.056129 0.036652 0.033563 0.063304 0.060423 0.047275 0.051345 0.034620 0.034718 0.065301 0.037462 0.029284 0.000000 0.037265 0.013931 0.013654 
0.035797 0.033294 0.019004 0.033521 0.039416 0.034566 0.027747 0.054054 0.024241 0.048529 0.043979 0.035622 0.039012 0.077719 0.042515 0.105235 0.051782 0.080891 0.035415 0.036192 0.061195 0.053207 0.050026 0.060504 0.031536 0.006157 0.048911 0.073392 0.066054 0.039041 0.037265 0.000000 0.007956 0.001465 
0.042786 0.039740 0.028154 0.050570 0.103629 0.052162 0.082944 0.039194 0.034522 0.048577 0.094797 0.092957 0.105232 0.047966 0.043015 0.024874 0.042632 0.096040 0.012956 0.049081 0.013948 0.041521 0.038038 0.004956 0.054395 0.053489 0.038013 0.039683 0.033010 0.019128 0.013931 0.007956 0.000000 0.000846 
0.041793 0.038869 0.027721 0.049943 0.102813 0.051035 0.083424 0.038252 0.035233 0.048979 0.094001 0.093490 0.104826 0.047578 0.043200 0.024080 0.041304 0.095244 0.008214 0.049083 0.014970 0.040386 0.036657 0.005027 0.054130 0.053885 0.039522 0.038917 0.033517 0.018993 0.013654 0.001381 0.000846 0.000488 
