0.000691 0.032625 0.034227 0.034995 0.057390 0.061436 0.066096 0.057714 0.060983 0.088350 0.055545 0.083669 0.066841 0.052963 0.111859 0.092919 0.080834 0.068411 0.131180 0.056787 0.128023 0.057993 0.124005 0.099190 0.089005 0.103526 0.149481 0.087272 0.087381 0.121255 0.080653 0.078189 0.089428 0.083463 
0.032625 0.000488 0.031038 0.055492 0.077505 0.087336 0.077304 0.047847 0.061653 0.068589 0.080058 0.098380 0.096765 0.060281 0.108691 0.107382 0.099707 0.043148 0.133177 0.045204 0.118634 0.061589 0.128072 0.092556 0.095918 0.106428 0.134279 0.083902 0.104804 0.109103 0.066512 0.087672 0.089475 0.080865 
0.034227 0.031038 0.000488 0.039689 0.088408 0.085694 0.089541 0.042743 0.052293 0.059716 0.087098 0.089994 0.080902 0.037807 0.081232 0.080064 0.101250 0.070585 0.118040 0.063374 0.109649 0.078140 0.105339 0.076469 0.083945 0.097493 0.119561 0.065754 0.093868 0.095140 0.071805 0.077449 0.068751 0.062121 
0.034995 0.055492 0.039689 0.000488 0.080556 0.078460 0.097816 0.047835 0.080313 0.097638 0.074218 0.067305 0.047247 0.049644 0.101271 0.082763 0.102989 0.096293 0.138485 0.074316 0.143417 0.074360 0.125791 0.097870 0.078302 0.106197 0.152491 0.074277 0.099643 0.124145 0.104123 0.083886 0.092876 0.089235 
0.057390 0.077505 0.088408 0.080556 0.000000 0.064710 0.057431 0.108371 0.091493 0.136647 0.012863 0.123120 0.084124 0.106252 0.160684 0.122882 0.081053 0.095750 0.145449 0.070944 0.154953 0.083285 0.156345 0.129984 0.104811 0.109737 0.188501 0.123896 0.085320 0.153826 0.099294 0.084388 0.121752 0.116753 
0.061436 0.087336 0.085694 0.078460 0.064710 0.000000 0.047645 0.114172 0.079300 0.125386 0.059722 0.096808 0.074084 0.077707 0.142004 0.106800 0.029491 0.105168 0.146190 0.110879 0.142919 0.079457 0.129119 0.143016 0.133813 0.139565 0.183982 0.138846 0.081667 0.161298 0.113577 0.107787 0.116100 0.113896 
0.066096 0.077304 0.089541 0.097816 0.057431 0.047645 0.000000 0.119180 0.072831 0.117824 0.062457 0.125310 0.109122 0.094952 0.154170 0.127996 0.040865 0.077751 0.143468 0.095567 0.129677 0.078138 0.138858 0.141399 0.140647 0.136534 0.177398 0.144568 0.087744 0.154755 0.089876 0.108260 0.118466 0.113204 
0.057714 0.047847 0.042743 0.047835 0.108371 0.114172 0.119180 0.000000 0.094406 0.081105 0.106649 0.080908 0.094101 0.063284 0.100255 0.110991 0.132899 0.081263 0.154033 0.068054 0.145850 0.076741 0.141910 0.096562 0.090793 0.118919 0.140590 0.069382 0.132727 0.117126 0.103662 0.105910 0.104175 0.097564 
0.060983 0.061653 0.052293 0.080313 0.091493 0.079300 0.072831 0.094406 0.000488 0.062638 0.092726 0.127072 0.102500 0.060867 0.087865 0.073996 0.082304 0.081244 0.084304 0.087110 0.069021 0.105801 0.074825 0.080008 0.105956 0.095012 0.107314 0.094411 0.062280 0.087376 0.047505 0.071039 0.048557 0.043192 
0.088350 0.068589 0.059716 0.097638 0.136647 0.125386 0.117824 0.081105 0.062638 0.000000 0.138389 0.130478 0.136044 0.066664 0.068735 0.104166 0.128852 0.078956 0.116618 0.101269 0.077377 0.115847 0.093709 0.083950 0.125620 0.124134 0.079612 0.092770 0.122033 0.078740 0.070749 0.111871 0.071211 0.064099 
0.055545 0.080058 0.087098 0.074218 0.012863 0.059722 0.062457 0.106649 0.092726 0.138389 0.000488 0.116010 0.072602 0.102348 0.157477 0.116940 0.079814 0.102510 0.145792 0.076095 0.157953 0.083639 0.153959 0.129987 0.101592 0.110022 0.190007 0.121607 0.083177 0.155277 0.105314 0.083456 0.120810 0.116605 
0.083669 0.098380 0.089994 0.067305 0.123120 0.096808 0.125310 0.080908 0.127072 0.130478 0.116010 0.000000 0.081081 0.073109 0.135379 0.131071 0.117456 0.123554 0.195981 0.127867 0.187226 0.072489 0.164006 0.158781 0.142466 0.173367 0.197141 0.132709 0.152283 0.179899 0.157794 0.149777 0.147303 0.144432 
0.066841 0.096765 0.080902 0.047247 0.084124 0.074084 0.109122 0.094101 0.102500 0.136044 0.072602 0.081081 0.000488 0.078918 0.124763 0.081646 0.102650 0.134922 0.146359 0.107853 0.165662 0.102316 0.134636 0.122702 0.090603 0.117184 0.181630 0.102321 0.093800 0.151331 0.132917 0.091725 0.111269 0.111356 
0.052963 0.060281 0.037807 0.049644 0.106252 0.077707 0.094952 0.063284 0.060867 0.066664 0.102348 0.073109 0.078918 0.000000 0.074997 0.077271 0.091426 0.090264 0.129450 0.099155 0.114777 0.082597 0.095724 0.101024 0.111322 0.125389 0.129206 0.091387 0.101068 0.115130 0.097216 0.101637 0.079263 0.076320 
0.111859 0.108691 0.081232 0.101271 0.160684 0.142004 0.154170 0.100255 0.087865 0.068735 0.157477 0.135379 0.124763 0.074997 0.000488 0.068393 0.152491 0.137608 0.104886 0.134474 0.097390 0.152619 0.067607 0.075911 0.115926 0.120462 0.075986 0.080381 0.121793 0.076022 0.111054 0.111254 0.060813 0.063382 
0.092919 0.107382 0.080064 0.082763 0.122882 0.106800 0.127996 0.110991 0.073996 0.104166 0.116940 0.131071 0.081646 0.077271 0.068393 0.000000 0.121899 0.143669 0.079386 0.123128 0.107443 0.145855 0.062874 0.075966 0.088056 0.088741 0.117269 0.080747 0.068384 0.093779 0.105864 0.069945 0.049490 0.056738 
0.080834 0.099707 0.101250 0.102989 0.081053 0.029491 0.040865 0.132899 0.082304 0.128852 0.079814 0.117456 0.102650 0.091426 0.152491 0.121899 0.000691 0.107211 0.149827 0.125816 0.137291 0.091989 0.130499 0.155989 0.155738 0.154502 0.187152 0.157911 0.088961 0.169122 0.115395 0.123112 0.124385 0.122022 
0.068411 0.043148 0.070585 0.096293 0.095750 0.105168 0.077751 0.081263 0.081244 0.078956 0.102510 0.123554 0.134922 0.090264 0.137608 0.143669 0.107211 0.000691 0.155391 0.067060 0.124763 0.066809 0.150564 0.122825 0.134360 0.136887 0.148294 0.121505 0.130057 0.130624 0.073820 0.120082 0.117522 0.107979 
0.131180 0.133177 0.118040 0.138485 0.145449 0.146190 0.143468 0.154033 0.084304 0.116618 0.145792 0.195981 0.146359 0.129450 0.104886 0.079386 0.149827 0.155391 0.000000 0.137099 0.070732 0.185431 0.069400 0.074199 0.114641 0.078107 0.093663 0.110304 0.073993 0.070379 0.086713 0.075402 0.053511 0.058873 
0.056787 0.045204 0.063374 0.074316 0.070944 0.110879 0.095567 0.068054 0.087110 0.101269 0.076095 0.127867 0.107853 0.099155 0.134474 0.123128 0.125816 0.067060 0.137099 0.000488 0.138399 0.087186 0.152712 0.091038 0.077514 0.087348 0.149010 0.081181 0.111207 0.113140 0.071883 0.077413 0.104150 0.095450 
0.128023 0.118634 0.109649 0.143417 0.154953 0.142919 0.129677 0.145850 0.069021 0.077377 0.157953 0.187226 0.165662 0.114777 0.097390 0.107443 0.137291 0.124763 0.070732 0.138399 0.000488 0.167833 0.065828 0.095400 0.148855 0.122041 0.070565 0.128535 0.103426 0.076102 0.070877 0.112267 0.065582 0.064281 
0.057993 0.061589 0.078140 0.074360 0.083285 0.079457 0.078138 0.076741 0.105801 0.115847 0.083639 0.072489 0.102316 0.082597 0.152619 0.145855 0.091989 0.066809 0.185431 0.087186 0.167833 0.000488 0.169605 0.151155 0.139219 0.158305 0.190650 0.134615 0.138449 0.169389 0.121148 0.134758 0.142099 0.135318 
0.124005 0.128072 0.105339 0.125791 0.156345 0.129119 0.138858 0.141910 0.074825 0.093709 0.153959 0.164006 0.134636 0.095724 0.067607 0.062874 0.130499 0.150564 0.069400 0.152712 0.065828 0.169605 0.000345 0.096439 0.137903 0.122685 0.090308 0.119054 0.089330 0.090899 0.105507 0.107217 0.054102 0.061760 
0.099190 0.092556 0.076469 0.097870 0.129984 0.143016 0.141399 0.096562 0.080008 0.083950 0.129987 0.158781 0.122702 0.101024 0.075911 0.075966 0.155989 0.122825 0.074199 0.091038 0.095400 0.151155 0.096439 0.000000 0.064473 0.052590 0.078701 0.041898 0.098701 0.034728 0.072939 0.059485 0.046083 0.042904 
0.089005 0.095918 0.083945 0.078302 0.104811 0.133813 0.140647 0.090793 0.105956 0.125620 0.101592 0.142466 0.090603 0.111322 0.115926 0.088056 0.155738 0.134360 0.114641 0.077514 0.148855 0.139219 0.137903 0.064473 0.000488 0.048547 0.142455 0.044569 0.102460 0.098969 0.105045 0.052075 0.089556 0.087306 
0.103526 0.106428 0.097493 0.106197 0.109737 0.139565 0.136534 0.118919 0.095012 0.124134 0.110022 0.173367 0.117184 0.125389 0.120462 0.088741 0.154502 0.136887 0.078107 0.087348 0.122041 0.158305 0.122685 0.052590 0.048547 0.000488 0.124911 0.067731 0.083278 0.078734 0.083422 0.032313 0.073930 0.072192 
0.149481 0.134279 0.119561 0.152491 0.188501 0.183982 0.177398 0.140590 0.107314 0.079612 0.190007 0.197141 0.181630 0.129206 0.075986 0.117269 0.187152 0.148294 0.093663 0.149010 0.070565 0.190650 0.090308 0.078701 0.142455 0.124911 0.000488 0.108641 0.144250 0.047083 0.101499 0.128242 0.077608 0.076763 
0.087272 0.083902 0.065754 0.074277 0.123896 0.138846 0.144568 0.069382 0.094411 0.092770 0.121607 0.132709 0.102321 0.091387 0.080381 0.080747 0.157911 0.121505 0.110304 0.081181 0.128535 0.134615 0.119054 0.041898 0.044569 0.067731 0.108641 0.000488 0.113552 0.072013 0.095335 0.069771 0.071802 0.068456 
0.087381 0.104804 0.093868 0.099643 0.085320 0.081667 0.087744 0.132727 0.062280 0.122033 0.083177 0.152283 0.093800 0.101068 0.121793 0.068384 0.088961 0.130057 0.073993 0.111207 0.103426 0.138449 0.089330 0.098701 0.102460 0.083278 0.144250 0.113552 0.000488 0.114572 0.085261 0.055292 0.070405 0.072283 
0.121255 0.109103 0.095140 0.124145 0.153826 0.161298 0.154755 0.117126 0.087376 0.078740 0.155277 0.179899 0.151331 0.115130 0.076022 0.093779 0.169122 0.130624 0.070379 0.113140 0.076102 0.169389 0.090899 0.034728 0.098969 0.078734 0.047083 0.072013 0.114572 0.000000 0.074963 0.086233 0.052163 0.049450 
0.080653 0.066512 0.071805 0.104123 0.099294 0.113577 0.089876 0.103662 0.047505 0.070749 0.105314 0.157794 0.132917 0.097216 0.111054 0.105864 0.115395 0.073820 0.086713 0.071883 0.070877 0.121148 0.105507 0.072939 0.105045 0.083422 0.101499 0.095335 0.085261 0.074963 0.000000 0.072177 0.065352 0.056147 
0.078189 0.087672 0.077449 0.083886 0.084388 0.107787 0.108260 0.105910 0.071039 0.111871 0.083456 0.149777 0.091725 0.101637 0.111254 0.069945 0.123112 0.120082 0.075402 0.077413 0.112267 0.134758 0.107217 0.059485 0.052075 0.032313 0.128242 0.069771 0.055292 0.086233 0.072177 0.000488 0.061312 0.059561 
0.089428 0.089475 0.068751 0.092876 0.121752 0.116100 0.118466 0.104175 0.048557 0.071211 0.120810 0.147303 0.111269 0.079263 0.060813 0.049490 0.124385 0.117522 0.053511 0.104150 0.065582 0.142099 0.054102 0.046083 0.089556 0.073930 0.077608 0.071802 0.070405 0.052163 0.065352 0.061312 0.000488 0.010563 
0.083463 0.080865 0.062121 0.089235 0.116753 0.113896 0.113204 0.097564 0.043192 0.064099 0.116605 0.144432 0.111356 0.076320 0.063382 0.056738 0.122022 0.107979 0.058873 0.095450 0.064281 0.135318 0.061760 0.042904 0.087306 0.072192 0.076763 0.068456 0.072283 0.049450 0.056147 0.059561 0.010563 0.000488 
