0.000488 0.028573 0.031854 0.028799 0.043390 0.065767 0.007485 0.005757 0.023412 0.102068 0.026418 0.061804 0.019434 0.020898 0.140239 0.127456 0.053513 0.009643 0.050050 0.077198 0.044238 0.047257 0.129276 0.083194 0.040952 0.172381 0.077455 0.063775 0.092415 0.041644 0.078357 0.071799 0.082268 0.076055 
0.028573 0.000488 0.003782 0.025916 0.062575 0.064783 0.066575 0.040266 0.043448 0.101290 0.048275 0.038142 0.063916 0.010427 0.113505 0.109291 0.041095 0.090600 0.079269 0.009839 0.037178 0.032804 0.127189 0.036491 0.023280 0.148160 0.074986 0.045514 0.073994 0.049318 0.075425 0.043506 0.076326 0.075322 
0.031854 0.003782 0.000000 0.012572 0.079307 0.131383 0.183714 0.019736 0.111165 0.009354 0.146025 0.130884 0.104356 0.041626 0.117176 0.116370 0.148272 0.109504 0.120209 0.159439 0.077385 0.116805 0.115881 0.077239 0.060838 0.158676 0.049098 0.009838 0.034630 0.103260 0.054111 0.064854 0.033902 0.071095 
0.028799 0.025916 0.012572 0.000000 0.050648 0.092412 0.052759 0.041670 0.036600 0.102825 0.074026 0.064847 0.039294 0.021897 0.132574 0.132636 0.081834 0.072924 0.090552 0.061398 0.059833 0.035623 0.142957 0.050702 0.023786 0.171617 0.068723 0.040076 0.084898 0.056987 0.092172 0.070565 0.088244 0.079706 
0.043390 0.062575 0.079307 0.050648 0.000000 0.086739 0.032945 0.046779 0.076280 0.140247 0.009518 0.094878 0.046761 0.055380 0.183953 0.172559 0.067502 0.046703 0.076917 0.045608 0.117504 0.054958 0.171415 0.115834 0.061881 0.208049 0.110403 0.092399 0.132821 0.060963 0.120596 0.114321 0.125782 0.119112 
0.065767 0.064783 0.131383 0.092412 0.086739 0.000000 0.019444 0.032652 0.038812 0.141177 0.033300 0.074513 0.096830 0.084951 0.174615 0.135678 0.006478 0.076564 0.091509 0.080378 0.110767 0.092903 0.137648 0.157833 0.118366 0.147394 0.136178 0.131402 0.130185 0.113984 0.076938 0.098477 0.093303 0.096904 
0.007485 0.066575 0.183714 0.052759 0.032945 0.019444 0.000488 0.073836 0.136885 0.182863 0.085151 0.069109 0.101720 0.115300 0.219547 0.183145 0.010698 0.125495 0.185695 0.132594 0.208784 0.045355 0.206158 0.183534 0.114640 0.097890 0.163121 0.140078 0.150616 0.163483 0.102086 0.112186 0.106956 0.105974 
0.005757 0.040266 0.019736 0.041670 0.046779 0.032652 0.073836 0.000488 0.049812 0.099061 0.063436 0.039228 0.069289 0.042362 0.135062 0.116607 0.031946 0.032044 0.059664 0.055744 0.055256 0.040195 0.112736 0.084225 0.045870 0.174264 0.079729 0.069997 0.093234 0.033772 0.068909 0.066584 0.080954 0.079170 
0.023412 0.043448 0.111165 0.036600 0.076280 0.038812 0.136885 0.049812 0.000000 0.035504 0.064058 0.120949 0.121113 0.081148 0.090166 0.069033 0.079241 0.145584 0.065155 0.106234 0.154367 0.093130 0.040994 0.120913 0.088737 0.106597 0.040272 0.075130 0.070663 0.103456 0.029940 0.091514 0.016665 0.038578 
0.102068 0.101290 0.009354 0.102825 0.140247 0.141177 0.182863 0.099061 0.035504 0.000000 0.152200 0.134210 0.110279 0.075402 0.078514 0.079004 0.154887 0.056794 0.091648 0.094688 0.084974 0.146490 0.065461 0.085558 0.107000 0.165910 0.042918 0.079803 0.054900 0.038961 0.065731 0.077212 0.042576 0.012955 
0.026418 0.048275 0.146025 0.074026 0.009518 0.033300 0.085151 0.063436 0.064058 0.152200 0.000488 0.120051 0.073464 0.084905 0.216092 0.176469 0.050884 0.147641 0.095234 0.142126 0.163452 0.104806 0.166501 0.184980 0.123264 0.183908 0.140017 0.138127 0.151608 0.148396 0.093218 0.125927 0.106692 0.099798 
0.061804 0.038142 0.130884 0.064847 0.094878 0.074513 0.069109 0.039228 0.120949 0.134210 0.120051 0.000345 0.057486 0.095645 0.137175 0.116996 0.076066 0.050849 0.167614 0.080268 0.126382 0.056335 0.155251 0.114117 0.087502 0.048516 0.120713 0.098956 0.090935 0.105474 0.072416 0.054828 0.064504 0.068051 
0.019434 0.063916 0.104356 0.039294 0.046761 0.096830 0.101720 0.069289 0.121113 0.110279 0.073464 0.057486 0.000000 0.065729 0.142594 0.157535 0.054429 0.133126 0.075099 0.099859 0.060150 0.065663 0.155267 0.073662 0.084851 0.229945 0.050062 0.047337 0.104307 0.150228 0.125750 0.092999 0.128886 0.121595 
0.020898 0.010427 0.041626 0.021897 0.055380 0.084951 0.115300 0.042362 0.081148 0.075402 0.084905 0.095645 0.065729 0.000488 0.135322 0.118730 0.094114 0.096111 0.072689 0.129838 0.059314 0.086774 0.115182 0.096029 0.061425 0.162611 0.054913 0.059600 0.076123 0.099377 0.053964 0.066911 0.046359 0.011508 
0.140239 0.113505 0.117176 0.132574 0.183953 0.174615 0.219547 0.135062 0.090166 0.078514 0.216092 0.137175 0.142594 0.135322 0.000488 0.057882 0.190977 0.128281 0.197540 0.053782 0.062822 0.164984 0.110927 0.094531 0.135925 0.062397 0.095576 0.106317 0.040042 0.056712 0.085767 0.073345 0.038403 0.021620 
0.127456 0.109291 0.116370 0.132636 0.172559 0.135678 0.183145 0.116607 0.069033 0.079004 0.176469 0.116996 0.157535 0.118730 0.057882 0.000488 0.153452 0.091562 0.152025 0.061158 0.048860 0.157311 0.065867 0.122110 0.141900 0.072412 0.106155 0.121455 0.063466 0.067384 0.048510 0.066388 0.003876 0.020324 
0.053513 0.041095 0.148272 0.081834 0.067502 0.006478 0.010698 0.031946 0.079241 0.154887 0.050884 0.076066 0.054429 0.094114 0.190977 0.153452 0.000488 0.096578 0.124863 0.100653 0.147797 0.082279 0.161880 0.166644 0.117046 0.139063 0.144436 0.134031 0.137769 0.130602 0.086524 0.104502 0.098957 0.100507 
0.009643 0.090600 0.109504 0.072924 0.046703 0.076564 0.125495 0.032044 0.145584 0.056794 0.147641 0.050849 0.133126 0.096111 0.128281 0.091562 0.096578 0.000488 0.188347 0.057306 0.156868 0.070717 0.064675 0.090126 0.062068 0.227049 0.057417 0.081678 0.104217 0.071855 0.043603 0.078147 0.088968 0.091592 
0.050050 0.079269 0.120209 0.090552 0.076917 0.091509 0.185695 0.059664 0.065155 0.091648 0.095234 0.167614 0.075099 0.072689 0.197540 0.152025 0.124863 0.188347 0.000488 0.188946 0.126225 0.161003 0.106678 0.189809 0.142681 0.200358 0.101843 0.133349 0.130950 0.170629 0.048291 0.125179 0.058321 0.005880 
0.077198 0.009839 0.159439 0.061398 0.045608 0.080378 0.132594 0.055744 0.106234 0.094688 0.142126 0.080268 0.099859 0.129838 0.053782 0.061158 0.100653 0.057306 0.188946 0.000000 0.192442 0.063840 0.109490 0.106906 0.093377 0.196938 0.099228 0.087049 0.059626 0.081845 0.069992 0.073149 0.039539 0.039209 
0.044238 0.037178 0.077385 0.059833 0.117504 0.110767 0.208784 0.055256 0.154367 0.084974 0.163452 0.126382 0.060150 0.059314 0.062822 0.048860 0.147797 0.156868 0.126225 0.192442 0.000488 0.145823 0.050602 0.114509 0.108918 0.042049 0.049180 0.064680 0.070989 0.173871 0.095951 0.045736 0.115238 0.125839 
0.047257 0.032804 0.116805 0.035623 0.054958 0.092903 0.045355 0.040195 0.093130 0.146490 0.104806 0.056335 0.065663 0.086774 0.164984 0.157311 0.082279 0.070717 0.161003 0.063840 0.145823 0.000488 0.183294 0.104023 0.057187 0.137349 0.117679 0.085804 0.111967 0.051327 0.109667 0.087574 0.104398 0.100067 
0.129276 0.127189 0.115881 0.142957 0.171415 0.137648 0.206158 0.112736 0.040994 0.065461 0.166501 0.155251 0.155267 0.115182 0.110927 0.065867 0.161880 0.064675 0.106678 0.109490 0.050602 0.183294 0.000488 0.157901 0.161340 0.145426 0.106897 0.139161 0.095174 0.098499 0.047335 0.101215 0.036060 0.023532 
0.083194 0.036491 0.077239 0.050702 0.115834 0.157833 0.183534 0.084225 0.120913 0.085558 0.184980 0.114117 0.073662 0.096029 0.094531 0.122110 0.166644 0.090126 0.189809 0.106906 0.114509 0.104023 0.157901 0.000000 0.055054 0.114467 0.050317 0.005980 0.028489 0.038371 0.097079 0.061291 0.055416 0.008583 
0.040952 0.023280 0.060838 0.023786 0.061881 0.118366 0.114640 0.045870 0.088737 0.107000 0.123264 0.087502 0.084851 0.061425 0.135925 0.141900 0.117046 0.062068 0.142681 0.093377 0.108918 0.057187 0.161340 0.055054 0.000488 0.156226 0.069128 0.032590 0.079485 0.027200 0.099343 0.074113 0.083961 0.068760 
0.172381 0.148160 0.158676 0.171617 0.208049 0.147394 0.097890 0.174264 0.106597 0.165910 0.183908 0.048516 0.229945 0.162611 0.062397 0.072412 0.139063 0.227049 0.200358 0.196938 0.042049 0.137349 0.145426 0.114467 0.156226 0.000691 0.171570 0.156832 0.119430 0.159999 0.130943 0.096619 0.128775 0.145366 
0.077455 0.074986 0.049098 0.068723 0.110403 0.136178 0.163121 0.079729 0.040272 0.042918 0.140017 0.120713 0.050062 0.054913 0.095576 0.106155 0.144436 0.057417 0.101843 0.099228 0.049180 0.117679 0.106897 0.050317 0.069128 0.171570 0.000000 0.041213 0.051928 0.054366 0.079123 0.071836 0.057250 0.026029 
0.063775 0.045514 0.009838 0.040076 0.092399 0.131402 0.140078 0.069997 0.075130 0.079803 0.138127 0.098956 0.047337 0.059600 0.106317 0.121455 0.134031 0.081678 0.133349 0.087049 0.064680 0.085804 0.139161 0.005980 0.032590 0.156832 0.041213 0.000000 0.055842 0.062386 0.091311 0.065143 0.070105 0.050200 
0.092415 0.073994 0.034630 0.084898 0.132821 0.130185 0.150616 0.093234 0.070663 0.054900 0.151608 0.090935 0.104307 0.076123 0.040042 0.063466 0.137769 0.104217 0.130950 0.059626 0.070989 0.111967 0.095174 0.028489 0.079485 0.119430 0.051928 0.055842 0.000000 0.055712 0.063802 0.036331 0.030778 0.004172 
0.041644 0.049318 0.103260 0.056987 0.060963 0.113984 0.163483 0.033772 0.103456 0.038961 0.148396 0.105474 0.150228 0.099377 0.056712 0.067384 0.130602 0.071855 0.170629 0.081845 0.173871 0.051327 0.098499 0.038371 0.027200 0.159999 0.054366 0.062386 0.055712 0.000000 0.071827 0.059684 0.024068 0.057144 
0.078357 0.075425 0.054111 0.092172 0.120596 0.076938 0.102086 0.068909 0.029940 0.065731 0.093218 0.072416 0.125750 0.053964 0.085767 0.048510 0.086524 0.043603 0.048291 0.069992 0.095951 0.109667 0.047335 0.097079 0.099343 0.130943 0.079123 0.091311 0.063802 0.071827 0.000000 0.044396 0.021883 0.028993 
0.071799 0.043506 0.064854 0.070565 0.114321 0.098477 0.112186 0.066584 0.091514 0.077212 0.125927 0.054828 0.092999 0.066911 0.073345 0.066388 0.104502 0.078147 0.125179 0.073149 0.045736 0.087574 0.101215 0.061291 0.074113 0.096619 0.071836 0.065143 0.036331 0.059684 0.044396 0.000488 0.013224 0.004012 
0.082268 0.076326 0.033902 0.088244 0.125782 0.093303 0.106956 0.080954 0.016665 0.042576 0.106692 0.064504 0.128886 0.046359 0.038403 0.003876 0.098957 0.088968 0.058321 0.039539 0.115238 0.104398 0.036060 0.055416 0.083961 0.128775 0.057250 0.070105 0.030778 0.024068 0.021883 0.013224 0.000488 0.014951 
0.076055 0.075322 0.071095 0.079706 0.119112 0.096904 0.105974 0.079170 0.038578 0.012955 0.099798 0.068051 0.121595 0.011508 0.021620 0.020324 0.100507 0.091592 0.005880 0.039209 0.125839 0.100067 0.023532 0.008583 0.068760 0.145366 0.026029 0.050200 0.004172 0.057144 0.028993 0.004012 0.014951 0.000488 
