0.000488 0.012400 0.009875 0.014143 0.006059 0.036985 0.038865 0.022673 0.009814 0.061224 0.060125 0.065148 0.022031 0.015046 0.073917 0.074847 0.032590 0.031488 0.140873 0.013056 0.119549 0.067950 0.119052 0.068409 0.050342 0.118240 0.066261 0.051145 0.070540 0.058396 0.027347 0.029443 0.034279 0.046285 
0.012400 0.000000 0.016565 0.042837 0.038637 0.045178 0.024030 0.030304 0.024704 0.076746 0.076505 0.078217 0.019586 0.025285 0.091766 0.087182 0.072612 0.005715 0.152434 0.005757 0.133426 0.084814 0.137351 0.075487 0.046175 0.136604 0.052000 0.060573 0.078121 0.056405 0.010940 0.031943 0.045404 0.057102 
0.009875 0.016565 0.000000 0.062832 0.046817 0.042615 0.055590 0.005694 0.025356 0.014311 0.035391 0.063956 0.071880 0.041394 0.059970 0.071705 0.062659 0.045860 0.122136 0.038415 0.113251 0.075730 0.071279 0.075336 0.087907 0.101551 0.085039 0.008527 0.027009 0.054440 0.029084 0.063080 0.053264 0.058705 
0.014143 0.042837 0.062832 0.000488 0.078581 0.068043 0.029551 0.074385 0.108082 0.063535 0.072823 0.046452 0.038643 0.030877 0.045258 0.119754 0.088482 0.049369 0.160404 0.083122 0.141143 0.032793 0.128047 0.114230 0.100079 0.121237 0.034148 0.069759 0.087155 0.084416 0.083951 0.071286 0.101014 0.106630 
0.006059 0.038637 0.046817 0.078581 0.000488 0.055729 0.023193 0.092876 0.095228 0.088265 0.016231 0.054816 0.097660 0.074865 0.075624 0.121007 0.120599 0.070659 0.170011 0.109575 0.150356 0.156445 0.082648 0.143294 0.165219 0.113230 0.070538 0.053990 0.141483 0.048008 0.098262 0.119289 0.126294 0.128174 
0.036985 0.045178 0.042615 0.068043 0.055729 0.000488 0.025712 0.032574 0.075249 0.089463 0.073371 0.044998 0.081881 0.034750 0.056983 0.073612 0.008762 0.058136 0.176588 0.039112 0.118359 0.135743 0.154325 0.072983 0.051085 0.122855 0.058446 0.097974 0.080857 0.099395 0.056306 0.054483 0.024771 0.025395 
0.038865 0.024030 0.055590 0.029551 0.023193 0.025712 0.000488 0.036390 0.057433 0.076958 0.087049 0.081604 0.033116 0.041308 0.076019 0.116176 0.004475 0.049391 0.178500 0.075566 0.153274 0.043565 0.138639 0.114236 0.098127 0.147488 0.042578 0.085507 0.055006 0.056736 0.069511 0.073985 0.092953 0.099601 
0.022673 0.030304 0.005694 0.074385 0.092876 0.032574 0.036390 0.000000 0.071078 0.074760 0.073079 0.065634 0.075586 0.035358 0.077313 0.081373 0.075028 0.038064 0.186180 0.037175 0.135859 0.120055 0.143285 0.087021 0.039194 0.141199 0.051263 0.092968 0.076267 0.110076 0.053546 0.025937 0.031416 0.047946 
0.009814 0.024704 0.025356 0.108082 0.095228 0.075249 0.057433 0.071078 0.000000 0.132630 0.123575 0.114908 0.090936 0.071522 0.152810 0.106548 0.169175 0.078302 0.184270 0.073478 0.167758 0.170768 0.209901 0.059359 0.094870 0.192714 0.069085 0.086509 0.142604 0.057150 0.049648 0.063073 0.024687 0.041091 
0.061224 0.076746 0.014311 0.063535 0.088265 0.089463 0.076958 0.074760 0.132630 0.000000 0.034998 0.079169 0.054372 0.064386 0.088342 0.026846 0.050499 0.080987 0.163890 0.048451 0.111630 0.031336 0.061919 0.078426 0.088676 0.114209 0.124189 0.082447 0.060802 0.158329 0.065413 0.060620 0.027820 0.018283 
0.060125 0.076505 0.035391 0.072823 0.016231 0.073371 0.087049 0.073079 0.123575 0.034998 0.000488 0.050181 0.048581 0.060024 0.053935 0.032532 0.098438 0.088521 0.139261 0.044207 0.078101 0.040403 0.071449 0.053591 0.057609 0.073182 0.123708 0.076230 0.063394 0.137677 0.066548 0.030465 0.051408 0.048257 
0.065148 0.078217 0.063956 0.046452 0.054816 0.044998 0.081604 0.065634 0.114908 0.079169 0.050181 0.000488 0.050913 0.049962 0.025075 0.038579 0.113855 0.096080 0.158256 0.061440 0.079148 0.109347 0.126188 0.062294 0.034035 0.073034 0.108208 0.101599 0.057162 0.124986 0.059348 0.043793 0.044603 0.036566 
0.022031 0.019586 0.071880 0.038643 0.097660 0.081881 0.033116 0.075586 0.090936 0.054372 0.048581 0.050913 0.000488 0.038287 0.094731 0.104191 0.132686 0.077083 0.153635 0.089847 0.112558 0.030241 0.115748 0.105988 0.087888 0.075539 0.039728 0.079585 0.095919 0.071048 0.072722 0.053288 0.088752 0.093538 
0.015046 0.025285 0.041394 0.030877 0.074865 0.034750 0.041308 0.035358 0.071522 0.064386 0.060024 0.049962 0.038287 0.000345 0.042337 0.086853 0.064981 0.040036 0.129632 0.041492 0.115702 0.050653 0.121187 0.074559 0.056629 0.104979 0.052696 0.044483 0.038333 0.057797 0.043026 0.036992 0.056937 0.064754 
0.073917 0.091766 0.059970 0.045258 0.075624 0.056983 0.076019 0.077313 0.152810 0.088342 0.053935 0.025075 0.094731 0.042337 0.000000 0.033485 0.099413 0.104687 0.193107 0.061361 0.079566 0.152557 0.142776 0.062704 0.068242 0.089268 0.114984 0.128051 0.082595 0.169210 0.090678 0.070876 0.073201 0.067465 
0.074847 0.087182 0.071705 0.119754 0.121007 0.073612 0.116176 0.081373 0.106548 0.026846 0.032532 0.038579 0.104191 0.086853 0.033485 0.000000 0.156693 0.109032 0.073281 0.071105 0.029325 0.108377 0.034312 0.053031 0.084770 0.063361 0.140843 0.051860 0.054622 0.102452 0.029805 0.067805 0.023064 0.018327 
0.032590 0.072612 0.062659 0.088482 0.120599 0.008762 0.004475 0.075028 0.169175 0.050499 0.098438 0.113855 0.132686 0.064981 0.099413 0.156693 0.000488 0.056974 0.106684 0.085591 0.180734 0.168793 0.101451 0.134934 0.154577 0.160441 0.058619 0.076024 0.117149 0.158826 0.136403 0.130034 0.145083 0.149101 
0.031488 0.005715 0.045860 0.049369 0.070659 0.058136 0.049391 0.038064 0.078302 0.080987 0.088521 0.096080 0.077083 0.040036 0.104687 0.109032 0.056974 0.000000 0.133808 0.042659 0.145600 0.053511 0.133422 0.090362 0.084846 0.143443 0.054824 0.035558 0.043070 0.060451 0.071913 0.074376 0.082145 0.088853 
0.140873 0.152434 0.122136 0.160404 0.170011 0.176588 0.178500 0.186180 0.184270 0.163890 0.139261 0.158256 0.153635 0.129632 0.193107 0.073281 0.106684 0.133808 0.000488 0.054017 0.104710 0.077684 0.178562 0.041004 0.042087 0.136738 0.188927 0.100160 0.118586 0.153336 0.075683 0.093642 0.017087 0.005259 
0.013056 0.005757 0.038415 0.083122 0.109575 0.039112 0.075566 0.037175 0.073478 0.048451 0.044207 0.061440 0.089847 0.041492 0.061361 0.071105 0.085591 0.042659 0.054017 0.000488 0.095032 0.084199 0.086544 0.045027 0.063941 0.077590 0.084226 0.057949 0.048829 0.082777 0.051084 0.055002 0.046480 0.051933 
0.119549 0.133426 0.113251 0.141143 0.150356 0.118359 0.153274 0.135859 0.167758 0.111630 0.078101 0.079148 0.112558 0.115702 0.079566 0.029325 0.180734 0.145600 0.104710 0.095032 0.000000 0.065387 0.115398 0.054885 0.053724 0.041921 0.173643 0.113505 0.034841 0.154725 0.045351 0.069716 0.010013 0.017418 
0.067950 0.084814 0.075730 0.032793 0.156445 0.135743 0.043565 0.120055 0.170768 0.031336 0.040403 0.109347 0.030241 0.050653 0.152557 0.108377 0.168793 0.053511 0.077684 0.084199 0.065387 0.000488 0.110062 0.086847 0.055969 0.091454 0.087737 0.034525 0.115162 0.179909 0.092674 0.030029 0.093135 0.097485 
0.119052 0.137351 0.071279 0.128047 0.082648 0.154325 0.138639 0.143285 0.209901 0.061919 0.071449 0.126188 0.115748 0.121187 0.142776 0.034312 0.101451 0.133422 0.178562 0.086544 0.115398 0.110062 0.000488 0.094786 0.123334 0.129009 0.188001 0.121115 0.043876 0.229686 0.059145 0.105420 0.010501 0.017928 
0.068409 0.075487 0.075336 0.114230 0.143294 0.072983 0.114236 0.087021 0.059359 0.078426 0.053591 0.062294 0.105988 0.074559 0.062704 0.053031 0.134934 0.090362 0.041004 0.045027 0.054885 0.086847 0.094786 0.000000 0.042979 0.009443 0.122824 0.015957 0.044936 0.038640 0.053897 0.054666 0.024306 0.027852 
0.050342 0.046175 0.087907 0.100079 0.165219 0.051085 0.098127 0.039194 0.094870 0.088676 0.057609 0.034035 0.087888 0.056629 0.068242 0.084770 0.154577 0.084846 0.042087 0.063941 0.053724 0.055969 0.123334 0.042979 0.000000 0.058053 0.084550 0.006879 0.052953 0.126133 0.080011 0.034164 0.061411 0.065225 
0.118240 0.136604 0.101551 0.121237 0.113230 0.122855 0.147488 0.141199 0.192714 0.114209 0.073182 0.073034 0.075539 0.104979 0.089268 0.063361 0.160441 0.143443 0.136738 0.077590 0.041921 0.091454 0.129009 0.009443 0.058053 0.000488 0.175153 0.126903 0.079339 0.186767 0.068039 0.005715 0.077642 0.077997 
0.066261 0.052000 0.085039 0.034148 0.070538 0.058446 0.042578 0.051263 0.069085 0.124189 0.123708 0.108208 0.039728 0.052696 0.114984 0.140843 0.058619 0.054824 0.188927 0.084226 0.173643 0.087737 0.188001 0.122824 0.084550 0.175153 0.000000 0.105631 0.040322 0.024439 0.095167 0.079404 0.108920 0.116833 
0.051145 0.060573 0.008527 0.069759 0.053990 0.097974 0.085507 0.092968 0.086509 0.082447 0.076230 0.101599 0.079585 0.044483 0.128051 0.051860 0.076024 0.035558 0.100160 0.057949 0.113505 0.034525 0.121115 0.015957 0.006879 0.126903 0.105631 0.000488 0.111226 0.086661 0.043051 0.041164 0.045565 0.036148 
0.070540 0.078121 0.027009 0.087155 0.141483 0.080857 0.055006 0.076267 0.142604 0.060802 0.063394 0.057162 0.095919 0.038333 0.082595 0.054622 0.117149 0.043070 0.118586 0.048829 0.034841 0.115162 0.043876 0.044936 0.052953 0.079339 0.040322 0.111226 0.000488 0.159761 0.058681 0.031722 0.037973 0.041279 
0.058396 0.056405 0.054440 0.084416 0.048008 0.099395 0.056736 0.110076 0.057150 0.158329 0.137677 0.124986 0.071048 0.057797 0.169210 0.102452 0.158826 0.060451 0.153336 0.082777 0.154725 0.179909 0.229686 0.038640 0.126133 0.186767 0.024439 0.086661 0.159761 0.000488 0.039251 0.075039 0.054968 0.027700 
0.027347 0.010940 0.029084 0.083951 0.098262 0.056306 0.069511 0.053546 0.049648 0.065413 0.066548 0.059348 0.072722 0.043026 0.090678 0.029805 0.136403 0.071913 0.075683 0.051084 0.045351 0.092674 0.059145 0.053897 0.080011 0.068039 0.095167 0.043051 0.058681 0.039251 0.000488 0.043145 0.029358 0.031115 
0.029443 0.031943 0.063080 0.071286 0.119289 0.054483 0.073985 0.025937 0.063073 0.060620 0.030465 0.043793 0.053288 0.036992 0.070876 0.067805 0.130034 0.074376 0.093642 0.055002 0.069716 0.030029 0.105420 0.054666 0.034164 0.005715 0.079404 0.041164 0.031722 0.075039 0.043145 0.000000 0.040824 0.047114 
0.034279 0.045404 0.053264 0.101014 0.126294 0.024771 0.092953 0.031416 0.024687 0.027820 0.051408 0.044603 0.088752 0.056937 0.073201 0.023064 0.145083 0.082145 0.017087 0.046480 0.010013 0.093135 0.010501 0.024306 0.061411 0.077642 0.108920 0.045565 0.037973 0.054968 0.029358 0.040824 0.000488 0.005610 
0.046285 0.057102 0.058705 0.106630 0.128174 0.025395 0.099601 0.047946 0.041091 0.018283 0.048257 0.036566 0.093538 0.064754 0.067465 0.018327 0.149101 0.088853 0.005259 0.051933 0.017418 0.097485 0.017928 0.027852 0.065225 0.077997 0.116833 0.036148 0.041279 0.027700 0.031115 0.047114 0.005610 0.000000 
