   1.570796489716    1.611345648766    1.617229700089    1.653846740723    1.661726713181    1.646319746971    1.646122694016    1.653522729874    1.659196019173    1.711511135101    1.658468604088    1.664266467094    1.707294583321    1.631282567978    1.718512415886    1.751292109489    1.688414216042    1.666924357414    1.720380544662    1.662961602211    1.751464366913    1.666313886642    1.778607487679    1.732674837112    1.741963624954    1.747619152069    1.737210273743    1.728557586670    1.682418346405    1.733298301697    1.681903958321    1.704002737999    1.701508998871    1.688413262367 
   1.611345648766    1.570796370506    1.601133942604    1.625546216965    1.700075745583    1.679206609726    1.680317044258    1.620945096016    1.657890796661    1.713008165359    1.692005634308    1.677569746971    1.674061536789    1.630675077438    1.701737880707    1.746810555458    1.716664314270    1.677717924118    1.708570718765    1.657586693764    1.752336978912    1.656560897827    1.769765853882    1.715675115585    1.739147543907    1.752387166023    1.710247159004    1.710214972496    1.702169895172    1.706238746643    1.676983118057    1.711938500404    1.690356850624    1.679903507233 
   1.617229700089    1.601133942604    1.570796608925    1.636584997177    1.691508173943    1.689737677574    1.690167903900    1.626273393631    1.632699608803    1.683464884758    1.686023116112    1.690661311150    1.686055779457    1.630808353424    1.698041677475    1.721062541008    1.733988761902    1.666371941566    1.689350247383    1.670846939087    1.735438108444    1.683441519737    1.744827866554    1.701552391052    1.736243844032    1.737313866615    1.690919280052    1.706017494202    1.681852817535    1.688688755035    1.664754986763    1.696500301361    1.668316602707    1.658664345741 
   1.653846740723    1.625546216965    1.636584997177    1.570796370506    1.730501413345    1.721764087677    1.715221524239    1.633417129517    1.695778012276    1.722291111946    1.737439274788    1.696591138840    1.633029222488    1.630681991577    1.695433735847    1.773583531380    1.743923068047    1.679196715355    1.689397096634    1.689424276352    1.754492998123    1.688348770142    1.772955656052    1.733628869057    1.773200511932    1.782499074936    1.708264827728    1.734964370728    1.723143339157    1.706662774086    1.723137140274    1.743374824524    1.707293748856    1.700278520584 
   1.661726713181    1.700075745583    1.691508173943    1.730501413345    1.570796370506    1.662415266037    1.657129526138    1.731835126877    1.699733614922    1.716544985771    1.633554100990    1.693684935570    1.787557959557    1.690930247307    1.778028249741    1.773203730583    1.696694135666    1.673492670059    1.755471706390    1.733639478683    1.768813967705    1.742700815201    1.802149534225    1.787383317947    1.787327289581    1.767023563385    1.793370366096    1.793550968170    1.670940637589    1.793683409691    1.731095194817    1.725170373917    1.745888352394    1.733086347580 
   1.646319746971    1.679206609726    1.689737677574    1.721764087677    1.662415266037    1.570796370506    1.601321935654    1.719640851021    1.710322976112    1.770998716354    1.647785902023    1.681461215019    1.767710447311    1.691570043564    1.766111016273    1.794148564339    1.634685397148    1.722199797630    1.786753654480    1.678656578064    1.790928602219    1.676607370377    1.832918882370    1.778111457825    1.749140262604    1.764454245567    1.806579470634    1.762155294418    1.714384198189    1.798633217812    1.712750554085    1.725706696510    1.755275845528    1.740160465240 
   1.646122694016    1.680317044258    1.690167903900    1.715221524239    1.657129526138    1.601321935654    1.570796370506    1.725419044495    1.715985298157    1.768284201622    1.663665533066    1.690483808517    1.759463429451    1.677102327347    1.752766728401    1.797711133957    1.630277276039    1.718535065651    1.773629903793    1.676086306572    1.774180173874    1.690459728241    1.825354814529    1.776829361916    1.750031113625    1.760197401047    1.808391094208    1.764034390450    1.701393246651    1.798072576523    1.725337743759    1.720189213753    1.751702427864    1.736161351204 
   1.653522729874    1.620945096016    1.626273393631    1.633417129517    1.731835126877    1.719640851021    1.725419044495    1.570796608925    1.670071244240    1.712960124016    1.716737747192    1.683473825455    1.675502300262    1.669432282448    1.728116869926    1.751995682716    1.755169868469    1.679920434952    1.717835307121    1.698938965797    1.781739473343    1.671451449394    1.778141021729    1.729198575020    1.770599961281    1.783500432968    1.687088251114    1.727842688560    1.736272454262    1.696461796761    1.689372897148    1.746333599091    1.705590128899    1.700211167336 
   1.659196019173    1.657890796661    1.632699608803    1.695778012276    1.699733614922    1.710322976112    1.715985298157    1.670071244240    1.570796370506    1.662761211395    1.682194948196    1.731691122055    1.736072182655    1.678961753845    1.715475201607    1.665855884552    1.767942786217    1.697197675705    1.702527523041    1.693925380707    1.727825164795    1.722405195236    1.716741442680    1.678623318672    1.717385053635    1.703212380409    1.682661533356    1.692960262299    1.671145558357    1.679112434387    1.625801682472    1.668861746788    1.643531084061    1.636590480804 
   1.711511135101    1.713008165359    1.683464884758    1.722291111946    1.716544985771    1.770998716354    1.768284201622    1.712960124016    1.662761211395    1.570796608925    1.728004574776    1.764299869537    1.763885974884    1.706958174706    1.747444510460    1.685651302338    1.818611025810    1.680076837540    1.673043489456    1.767800331116    1.726576924324    1.792707800865    1.694853663445    1.727792382240    1.791286230087    1.749683737755    1.684388279915    1.763160228729    1.676887512207    1.697396159172    1.715301871300    1.719031453133    1.677407979965    1.678817033768 
   1.658468604088    1.692005634308    1.686023116112    1.737439274788    1.633554100990    1.647785902023    1.663665533066    1.716737747192    1.682194948196    1.728004574776    1.570796370506    1.683053731918    1.793641567230    1.710724830627    1.790039658546    1.760185718536    1.699612140656    1.694173574448    1.779815316200    1.723733305931    1.794822931290    1.715230703354    1.813167572021    1.778454303741    1.771255970001    1.764673709869    1.784953594208    1.776445865631    1.700579166412    1.787281274796    1.696557402611    1.726164937019    1.745216488838    1.732901453972 
   1.664266467094    1.677569746971    1.690661311150    1.696591138840    1.693684935570    1.681461215019    1.690483808517    1.683473825455    1.731691122055    1.764299869537    1.683053731918    1.570796370506    1.751626253128    1.705699205399    1.802613615990    1.825600862503    1.689636111259    1.672164320946    1.788383245468    1.740052580833    1.839248418808    1.676283478737    1.858868122101    1.818366885185    1.827434420586    1.838416218758    1.790896892548    1.810968399048    1.761675238609    1.801555514336    1.750909566879    1.795129776001    1.786721706390    1.775862097740 
   1.707294583321    1.674061536789    1.686055779457    1.633029222488    1.787557959557    1.767710447311    1.759463429451    1.675502300262    1.736072182655    1.763885974884    1.793641567230    1.751626253128    1.570796370506    1.672700643539    1.681133627892    1.797174096107    1.784751176834    1.738656997681    1.702576994896    1.703482031822    1.762487292290    1.716578602791    1.781425952911    1.734383344650    1.778705120087    1.797896027565    1.718402147293    1.731627941132    1.762503862381    1.707432508469    1.753594160080    1.766541719437    1.724064350128    1.720444560051 
   1.631282567978    1.630675077438    1.630808353424    1.630681991577    1.690930247307    1.691570043564    1.677102327347    1.669432282448    1.678961753845    1.706958174706    1.710724830627    1.705699205399    1.672700643539    1.570796608925    1.675150394440    1.754578232765    1.719099283218    1.676239848137    1.675485730171    1.667474865913    1.712263941765    1.702828049660    1.751726627350    1.719291925430    1.744352579117    1.742026329041    1.726841092110    1.724117040634    1.671124696732    1.715943336487    1.710805177689    1.699881911278    1.686059832573    1.674529910088 
   1.718512415886    1.701737880707    1.698041677475    1.695433735847    1.778028249741    1.766111016273    1.752766728401    1.728116869926    1.715475201607    1.747444510460    1.790039658546    1.802613615990    1.681133627892    1.675150394440    1.570796608925    1.743210554123    1.797821402550    1.769440174103    1.675127983093    1.680036425591    1.667968153954    1.760361671448    1.711627960205    1.665606260300    1.704537987709    1.707100391388    1.724179148674    1.674736380577    1.709108352661    1.688754081726    1.728890299797    1.687926173210    1.665309906006    1.661697149277 
   1.751292109489    1.746810555458    1.721062541008    1.773583531380    1.773203730583    1.794148564339    1.797711133957    1.751995682716    1.665855884552    1.685651302338    1.760185718536    1.825600862503    1.797174096107    1.754578232765    1.743210554123    1.570796608925    1.854226708412    1.774520754814    1.726301312447    1.759453535080    1.723317265511    1.809451103210    1.667909860611    1.667500734329    1.727097749710    1.684367775917    1.693283081055    1.704835414886    1.709226727486    1.682001233101    1.676234841347    1.681388378143    1.651344537735    1.659212112427 
   1.688414216042    1.716664314270    1.733988761902    1.743923068047    1.696694135666    1.634685397148    1.630277276039    1.755169868469    1.767942786217    1.818611025810    1.699612140656    1.689636111259    1.784751176834    1.719099283218    1.797821402550    1.854226708412    1.570796608925    1.748332977295    1.821389317513    1.714053988457    1.828422546387    1.695940971375    1.882265448570    1.829270243645    1.796533942223    1.816622734070    1.853789329529    1.810431241989    1.758437633514    1.846241235733    1.773252606392    1.778166174889    1.806904315948    1.791653275490 
   1.666924357414    1.677717924118    1.666371941566    1.679196715355    1.673492670059    1.722199797630    1.718535065651    1.679920434952    1.697197675705    1.680076837540    1.694173574448    1.672164320946    1.738656997681    1.676239848137    1.769440174103    1.774520754814    1.748332977295    1.570796370506    1.713544130325    1.754401683807    1.779876232147    1.739629268646    1.787320613861    1.784590005875    1.823336839676    1.806309103966    1.738497853279    1.799170851707    1.706207871437    1.754003286362    1.743265032768    1.763113260269    1.738409996033    1.731260180473 
   1.720380544662    1.708570718765    1.689350247383    1.689397096634    1.755471706390    1.786753654480    1.773629903793    1.717835307121    1.702527523041    1.673043489456    1.779815316200    1.788383245468    1.702576994896    1.675485730171    1.675127983093    1.726301312447    1.821389317513    1.713544130325    1.570796489716    1.744224548340    1.674258470535    1.792156338692    1.676376342773    1.705467224121    1.776915788651    1.745891451836    1.686291813850    1.740682721138    1.687865376472    1.675989270210    1.745846629143    1.717809677124    1.666073560715    1.668457865715 
   1.662961602211    1.657586693764    1.670846939087    1.689424276352    1.733639478683    1.678656578064    1.676086306572    1.698938965797    1.693925380707    1.767800331116    1.723733305931    1.740052580833    1.703482031822    1.667474865913    1.680036425591    1.759453535080    1.714053988457    1.754401683807    1.744224548340    1.570796608925    1.739609003067    1.673018932343    1.781153678894    1.699728965759    1.674540281296    1.714742422104    1.757783412933    1.671638727188    1.714229226112    1.733815193176    1.683239817619    1.684658288956    1.699185967445    1.686166048050 
   1.751464366913    1.752336978912    1.735438108444    1.754492998123    1.768813967705    1.790928602219    1.774180173874    1.781739473343    1.727825164795    1.726576924324    1.794822931290    1.839248418808    1.762487292290    1.712263941765    1.667968153954    1.723317265511    1.828422546387    1.779876232147    1.674258470535    1.739609003067    1.570796608925    1.824264287949    1.668784976006    1.693769454956    1.730323672295    1.680176258087    1.753862857819    1.726402044296    1.671843409538    1.724091649055    1.754227519035    1.670299530029    1.672657847404    1.671282291412 
   1.666313886642    1.656560897827    1.683441519737    1.688348770142    1.742700815201    1.676607370377    1.690459728241    1.671451449394    1.722405195236    1.792707800865    1.715230703354    1.676283478737    1.716578602791    1.702828049660    1.760361671448    1.809451103210    1.695940971375    1.739629268646    1.792156338692    1.673018932343    1.824264287949    1.570796608925    1.847222447395    1.770935177803    1.761757612228    1.801861286163    1.776899218559    1.743843793869    1.772569775581    1.772715091705    1.712602615356    1.766715049744    1.761916041374    1.750917196274 
   1.778607487679    1.769765853882    1.744827866554    1.772955656052    1.802149534225    1.832918882370    1.825354814529    1.778141021729    1.716741442680    1.694853663445    1.813167572021    1.858868122101    1.781425952911    1.751726627350    1.711627960205    1.667909860611    1.882265448570    1.787320613861    1.676376342773    1.781153678894    1.668784976006    1.847222447395    1.570796370506    1.678416609764    1.758537292480    1.705061793327    1.699769735336    1.729751944542    1.711982488632    1.678612828255    1.744438529015    1.703574776649    1.658056378365    1.670309066772 
   1.732674837112    1.715675115585    1.701552391052    1.733628869057    1.787383317947    1.778111457825    1.776829361916    1.729198575020    1.678623318672    1.727792382240    1.778454303741    1.818366885185    1.734383344650    1.719291925430    1.665606260300    1.667500734329    1.829270243645    1.784590005875    1.705467224121    1.699728965759    1.693769454956    1.770935177803    1.678416609764    1.570796370506    1.670020103455    1.665966987610    1.688559889793    1.622679591179    1.716091513634    1.649422287941    1.674051642418    1.662904620171    1.623767018318    1.629819393158 
   1.741963624954    1.739147543907    1.736243844032    1.773200511932    1.787327289581    1.749140262604    1.750031113625    1.770599961281    1.717385053635    1.791286230087    1.771255970001    1.827434420586    1.778705120087    1.744352579117    1.704537987709    1.727097749710    1.796533942223    1.823336839676    1.776915788651    1.674540281296    1.730323672295    1.761757612228    1.758537292480    1.670020103455    1.570796370506    1.650278925896    1.777287721634    1.640775561333    1.734842061996    1.742822051048    1.687755703926    1.658476710320    1.697049617767    1.689900279045 
   1.747619152069    1.752387166023    1.737313866615    1.782499074936    1.767023563385    1.764454245567    1.760197401047    1.783500432968    1.703212380409    1.749683737755    1.764673709869    1.838416218758    1.797896027565    1.742026329041    1.707100391388    1.684367775917    1.816622734070    1.806309103966    1.745891451836    1.714742422104    1.680176258087    1.801861286163    1.705061793327    1.665966987610    1.650278925896    1.570796608925    1.765819907188    1.679290294647    1.690067648888    1.734038233757    1.697474956512    1.616005182266    1.670482277870    1.665825724602 
   1.737210273743    1.710247159004    1.690919280052    1.708264827728    1.793370366096    1.806579470634    1.808391094208    1.687088251114    1.682661533356    1.684388279915    1.784953594208    1.790896892548    1.718402147293    1.726841092110    1.724179148674    1.693283081055    1.853789329529    1.738497853279    1.686291813850    1.757783412933    1.753862857819    1.776899218559    1.699769735336    1.688559889793    1.777287721634    1.765819907188    1.570796608925    1.718564629555    1.747941493988    1.614470362663    1.707332253456    1.745064258575    1.670032143593    1.679714441299 
   1.728557586670    1.710214972496    1.706017494202    1.734964370728    1.793550968170    1.762155294418    1.764034390450    1.727842688560    1.692960262299    1.763160228729    1.776445865631    1.810968399048    1.731627941132    1.724117040634    1.674736380577    1.704835414886    1.810431241989    1.799170851707    1.740682721138    1.671638727188    1.726402044296    1.743843793869    1.729751944542    1.622679591179    1.640775561333    1.679290294647    1.718564629555    1.570796608925    1.738094925880    1.682638049126    1.668453574181    1.675510168076    1.662484407425    1.660750031471 
   1.682418346405    1.702169895172    1.681852817535    1.723143339157    1.670940637589    1.714384198189    1.701393246651    1.736272454262    1.671145558357    1.676887512207    1.700579166412    1.761675238609    1.762503862381    1.671124696732    1.709108352661    1.709226727486    1.758437633514    1.706207871437    1.687865376472    1.714229226112    1.671843409538    1.772569775581    1.711982488632    1.716091513634    1.734842061996    1.690067648888    1.747941493988    1.738094925880    1.570796608925    1.734695315361    1.708892345428    1.651718616486    1.672501802444    1.661810755730 
   1.733298301697    1.706238746643    1.688688755035    1.706662774086    1.793683409691    1.798633217812    1.798072576523    1.696461796761    1.679112434387    1.697396159172    1.787281274796    1.801555514336    1.707432508469    1.715943336487    1.688754081726    1.682001233101    1.846241235733    1.754003286362    1.675989270210    1.733815193176    1.724091649055    1.772715091705    1.678612828255    1.649422287941    1.742822051048    1.734038233757    1.614470362663    1.682638049126    1.734695315361    1.570796370506    1.696497440338    1.717694878578    1.642032742500    1.653381228447 
   1.681903958321    1.676983118057    1.664754986763    1.723137140274    1.731095194817    1.712750554085    1.725337743759    1.689372897148    1.625801682472    1.715301871300    1.696557402611    1.750909566879    1.753594160080    1.710805177689    1.728890299797    1.676234841347    1.773252606392    1.743265032768    1.745846629143    1.683239817619    1.754227519035    1.712602615356    1.744438529015    1.674051642418    1.687755703926    1.697474956512    1.707332253456    1.668453574181    1.708892345428    1.696497440338    1.570796370506    1.673837423325    1.666231274605    1.659780025482 
   1.704002737999    1.711938500404    1.696500301361    1.743374824524    1.725170373917    1.725706696510    1.720189213753    1.746333599091    1.668861746788    1.719031453133    1.726164937019    1.795129776001    1.766541719437    1.699881911278    1.687926173210    1.681388378143    1.778166174889    1.763113260269    1.717809677124    1.684658288956    1.670299530029    1.766715049744    1.703574776649    1.662904620171    1.658476710320    1.616005182266    1.745064258575    1.675510168076    1.651718616486    1.717694878578    1.673837423325    1.570796370506    1.648384928703    1.637843251228 
   1.701508522034    1.690356850624    1.668316602707    1.707293748856    1.745888352394    1.755275845528    1.751702427864    1.705590128899    1.643531084061    1.677407979965    1.745216488838    1.786721706390    1.724064350128    1.686059832573    1.665310502052    1.651343822479    1.806904554367    1.738410353661    1.666073560715    1.699185490608    1.672657847404    1.761916041374    1.658056378365    1.623767018318    1.697050094604    1.670481681824    1.670032143593    1.662484407425    1.672502398491    1.642032742500    1.666231274605    1.648384928703    1.570796370506    1.586686372757 
   1.688413262367    1.679903507233    1.658664345741    1.700278520584    1.733086347580    1.740160226822    1.736161351204    1.700211167336    1.636590480804    1.678817033768    1.732901453972    1.775862097740    1.720444560051    1.674529910088    1.661697149277    1.659212112427    1.791653513908    1.731260180473    1.668457865715    1.686166048050    1.671282291412    1.750917196274    1.670309066772    1.629819393158    1.689900279045    1.665825724602    1.679715037346    1.660750031471    1.661810755730    1.653380513191    1.659780025482    1.637843251228    1.586686372757    1.570796370506 
