0.000488 0.007493 0.005839 0.004907 0.015394 0.008910 0.019267 0.026262 0.056458 0.058340 0.063695 0.021687 0.043817 0.045270 0.077519 0.076344 0.057164 0.020208 0.093363 0.038290 0.108136 0.010940 0.023625 0.036665 0.028520 0.029207 0.075566 0.070627 0.051322 0.041578 0.066378 0.037159 0.070137 0.048586 
0.007493 0.000488 0.009056 0.029248 0.069526 0.084278 0.093222 0.024996 0.050922 0.038914 0.088948 0.145234 0.054451 0.022216 0.076383 0.026825 0.083046 0.043236 0.062339 0.052561 0.044809 0.062257 0.056877 0.078900 0.094903 0.133869 0.126922 0.060109 0.052959 0.065810 0.005190 0.066770 0.059996 0.039336 
0.005839 0.009056 0.000488 0.027753 0.063042 0.077755 0.085293 0.006079 0.031623 0.043907 0.071281 0.123492 0.055842 0.022924 0.043580 0.030344 0.070905 0.043915 0.024454 0.043250 0.051853 0.061581 0.045904 0.062667 0.075388 0.106982 0.096374 0.018476 0.044234 0.051752 0.027031 0.053230 0.028230 0.028008 
0.004907 0.029248 0.027753 0.000345 0.049735 0.047377 0.064170 0.010642 0.055002 0.070991 0.028407 0.096230 0.028260 0.040381 0.055887 0.055430 0.047969 0.052030 0.083037 0.062494 0.065150 0.027395 0.055030 0.062513 0.056151 0.064780 0.053681 0.049021 0.056088 0.060205 0.061910 0.047487 0.041081 0.042449 
0.015394 0.069526 0.063042 0.049735 0.000488 0.029544 0.014596 0.045495 0.048023 0.082451 0.006888 0.044539 0.051538 0.071818 0.065794 0.101978 0.044874 0.050109 0.090115 0.069834 0.113916 0.062762 0.051336 0.077669 0.093594 0.086497 0.064023 0.078384 0.094590 0.083825 0.094560 0.087783 0.034556 0.071039 
0.008910 0.084278 0.077755 0.047377 0.029544 0.000345 0.037484 0.030194 0.063889 0.105355 0.017679 0.092334 0.020109 0.074128 0.051910 0.098652 0.038142 0.072136 0.101790 0.099890 0.069143 0.049238 0.081590 0.104470 0.113345 0.111761 0.055607 0.104332 0.111644 0.108843 0.107682 0.102882 0.071400 0.082286 
0.019267 0.093222 0.085293 0.064170 0.014596 0.037484 0.000000 0.040466 0.032625 0.095191 0.078009 0.100329 0.045288 0.077158 0.057443 0.110812 0.006138 0.058367 0.056363 0.095573 0.083160 0.078143 0.075837 0.116524 0.143944 0.158648 0.084474 0.144655 0.127014 0.119832 0.110839 0.125690 0.101085 0.079780 
0.026262 0.024996 0.006079 0.010642 0.045495 0.030194 0.040466 0.000488 0.060162 0.062096 0.049459 0.088618 0.036463 0.027216 0.058408 0.057784 0.026752 0.030819 0.088233 0.059209 0.072135 0.037205 0.054561 0.065121 0.055526 0.049713 0.032753 0.063223 0.055813 0.061475 0.062214 0.048400 0.052134 0.046705 
0.056458 0.050922 0.031623 0.055002 0.048023 0.063889 0.032625 0.060162 0.000488 0.052462 0.045056 0.059345 0.096057 0.030292 0.049188 0.082387 0.079488 0.060269 0.041621 0.045145 0.133523 0.049886 0.024402 0.049045 0.072719 0.047984 0.080669 0.055926 0.049807 0.037197 0.045091 0.063170 0.054394 0.037136 
0.058340 0.038914 0.043907 0.070991 0.082451 0.105355 0.095191 0.062096 0.052462 0.000488 0.112985 0.139881 0.099357 0.047518 0.062718 0.064750 0.074662 0.038476 0.072319 0.039206 0.093629 0.094659 0.054655 0.084036 0.112130 0.125499 0.092190 0.083272 0.070103 0.071019 0.038606 0.088402 0.075360 0.017699 
0.063695 0.088948 0.071281 0.028407 0.006888 0.017679 0.078009 0.049459 0.045056 0.112985 0.000000 0.101466 0.075277 0.070228 0.033796 0.072028 0.088257 0.090121 0.090632 0.096912 0.050190 0.060860 0.071541 0.084764 0.090028 0.125353 0.101196 0.096168 0.094642 0.092499 0.093988 0.078617 0.062023 0.058908 
0.021687 0.145234 0.123492 0.096230 0.044539 0.092334 0.100329 0.088618 0.059345 0.139881 0.101466 0.000488 0.071347 0.135404 0.104644 0.149635 0.104809 0.124025 0.108160 0.107611 0.156505 0.147944 0.074276 0.094567 0.129578 0.109223 0.105907 0.160347 0.138400 0.113787 0.138722 0.126763 0.107137 0.106178 
0.043817 0.054451 0.055842 0.028260 0.051538 0.020109 0.045288 0.036463 0.096057 0.099357 0.075277 0.071347 0.000488 0.064248 0.099640 0.082620 0.025540 0.069900 0.129356 0.089239 0.083485 0.039371 0.077485 0.077694 0.049088 0.072133 0.072243 0.062316 0.078678 0.081538 0.093892 0.058972 0.051265 0.079630 
0.045270 0.022216 0.022924 0.040381 0.071818 0.074128 0.077158 0.027216 0.030292 0.047518 0.070228 0.135404 0.064248 0.000000 0.046436 0.037797 0.059682 0.035144 0.034642 0.063237 0.034418 0.037744 0.067781 0.086512 0.093197 0.105844 0.099972 0.034714 0.063329 0.075453 0.046445 0.071951 0.048061 0.030761 
0.077519 0.076383 0.043580 0.055887 0.065794 0.051910 0.057443 0.058408 0.049188 0.062718 0.033796 0.104644 0.099640 0.046436 0.000000 0.068443 0.094249 0.077987 0.055311 0.024710 0.107262 0.060419 0.056633 0.088250 0.094918 0.053852 0.040466 0.065403 0.062364 0.072720 0.046585 0.079015 0.038504 0.051205 
0.076344 0.026825 0.030344 0.055430 0.101978 0.098652 0.110812 0.057784 0.082387 0.064750 0.072028 0.149635 0.082620 0.037797 0.068443 0.000488 0.095604 0.070124 0.082596 0.072740 0.050564 0.048402 0.084401 0.079558 0.057408 0.054287 0.070690 0.084167 0.031011 0.062919 0.037851 0.042354 0.006905 0.046977 
0.057164 0.083046 0.070905 0.047969 0.044874 0.038142 0.006138 0.026752 0.079488 0.074662 0.088257 0.104809 0.025540 0.059682 0.094249 0.095604 0.000000 0.035528 0.063180 0.076386 0.060715 0.081317 0.052279 0.106067 0.142911 0.182752 0.117307 0.147823 0.116892 0.108194 0.092517 0.119308 0.100156 0.050221 
0.020208 0.043236 0.043915 0.052030 0.050109 0.072136 0.058367 0.030819 0.060269 0.038476 0.090121 0.124025 0.069900 0.035144 0.077987 0.070124 0.035528 0.000000 0.060838 0.055322 0.068983 0.070069 0.052944 0.092485 0.119901 0.146804 0.104873 0.101272 0.086787 0.085875 0.061098 0.096417 0.076114 0.029785 
0.093363 0.062339 0.024454 0.083037 0.090115 0.101790 0.056363 0.088233 0.041621 0.072319 0.090632 0.108160 0.129356 0.034642 0.055311 0.082596 0.063180 0.060838 0.000000 0.046531 0.146439 0.070322 0.042309 0.069710 0.089009 0.044649 0.088724 0.066728 0.045899 0.046485 0.027111 0.075483 0.027482 0.047317 
0.038290 0.052561 0.043250 0.062494 0.069834 0.099890 0.095573 0.059209 0.045145 0.039206 0.096912 0.107611 0.089239 0.063237 0.024710 0.072740 0.076386 0.055322 0.046531 0.000488 0.114288 0.102306 0.021976 0.047832 0.081799 0.097522 0.043809 0.057526 0.053402 0.039334 0.041291 0.065542 0.043384 0.006783 
0.108136 0.044809 0.051853 0.065150 0.113916 0.069143 0.083160 0.072135 0.133523 0.093629 0.050190 0.156505 0.083485 0.034418 0.107262 0.050564 0.060715 0.068983 0.146439 0.114288 0.000488 0.087531 0.122287 0.120603 0.075192 0.126944 0.037475 0.107361 0.077185 0.108034 0.088369 0.073283 0.016176 0.097273 
0.010940 0.062257 0.061581 0.027395 0.062762 0.049238 0.078143 0.037205 0.049886 0.094659 0.060860 0.147944 0.039371 0.037744 0.060419 0.048402 0.081317 0.070069 0.070322 0.102306 0.087531 0.000000 0.092671 0.113232 0.117107 0.137467 0.131302 0.095917 0.097918 0.108884 0.083574 0.095663 0.083251 0.059323 
0.023625 0.056877 0.045904 0.055030 0.051336 0.081590 0.075837 0.054561 0.024402 0.054655 0.071541 0.074276 0.077485 0.067781 0.056633 0.084401 0.052279 0.052944 0.042309 0.021976 0.122287 0.092671 0.000000 0.039662 0.071302 0.079785 0.051070 0.047752 0.060628 0.041325 0.060425 0.062714 0.007008 0.036260 
0.036665 0.078900 0.062667 0.062513 0.077669 0.104470 0.116524 0.065121 0.049045 0.084036 0.084764 0.094567 0.077694 0.086512 0.088250 0.079558 0.106067 0.092485 0.069710 0.047832 0.120603 0.113232 0.039662 0.000488 0.037027 0.010358 0.060242 0.005349 0.046226 0.020273 0.061587 0.039563 0.001092 0.042424 
0.028520 0.094903 0.075388 0.056151 0.093594 0.113345 0.143944 0.055526 0.072719 0.112130 0.090028 0.129578 0.049088 0.093197 0.094918 0.057408 0.142911 0.119901 0.089009 0.081799 0.075192 0.117107 0.071302 0.037027 0.000488 0.025545 0.056058 0.007160 0.045001 0.042520 0.066460 0.017933 0.042957 0.046585 
0.029207 0.133869 0.106982 0.064780 0.086497 0.111761 0.158648 0.049713 0.047984 0.125499 0.125353 0.109223 0.072133 0.105844 0.053852 0.054287 0.182752 0.146804 0.044649 0.097522 0.126944 0.137467 0.079785 0.010358 0.025545 0.000000 0.102991 0.131623 0.045673 0.043659 0.050514 0.008457 0.121547 0.039979 
0.075566 0.126922 0.096374 0.053681 0.064023 0.055607 0.084474 0.032753 0.080669 0.092190 0.101196 0.105907 0.072243 0.099972 0.040466 0.070690 0.117307 0.104873 0.088724 0.043809 0.037475 0.131302 0.051070 0.060242 0.056058 0.102991 0.000488 0.156506 0.073111 0.018182 0.065342 0.060209 0.109123 0.026300 
0.070627 0.060109 0.018476 0.049021 0.078384 0.104332 0.144655 0.063223 0.055926 0.083272 0.096168 0.160347 0.062316 0.034714 0.065403 0.084167 0.147823 0.101272 0.066728 0.057526 0.107361 0.095917 0.047752 0.005349 0.007160 0.131623 0.156506 0.000488 0.053962 0.032541 0.058356 0.055655 0.045461 0.074230 
0.051322 0.052959 0.044234 0.056088 0.094590 0.111644 0.127014 0.055813 0.049807 0.070103 0.094642 0.138400 0.078678 0.063329 0.062364 0.031011 0.116892 0.086787 0.045899 0.053402 0.077185 0.097918 0.060628 0.046226 0.045001 0.045673 0.073111 0.053962 0.000000 0.028889 0.022345 0.025680 0.029130 0.005326 
0.041578 0.065810 0.051752 0.060205 0.083825 0.108843 0.119832 0.061475 0.037197 0.071019 0.092499 0.113787 0.081538 0.075453 0.072720 0.062919 0.108194 0.085875 0.046485 0.039334 0.108034 0.108884 0.041325 0.020273 0.042520 0.043659 0.018182 0.032541 0.028889 0.000488 0.041469 0.033474 0.017068 0.021277 
0.066378 0.005190 0.027031 0.061910 0.094560 0.107682 0.110839 0.062214 0.045091 0.038606 0.093988 0.138722 0.093892 0.046445 0.046585 0.037851 0.092517 0.061098 0.027111 0.041291 0.088369 0.083574 0.060425 0.061587 0.066460 0.050514 0.065342 0.058356 0.022345 0.041469 0.000000 0.047533 0.028129 0.016730 
0.037159 0.066770 0.053230 0.047487 0.087783 0.102882 0.125690 0.048400 0.063170 0.088402 0.078617 0.126763 0.058972 0.071951 0.079015 0.042354 0.119308 0.096417 0.075483 0.065542 0.073283 0.095663 0.062714 0.039563 0.017933 0.008457 0.060209 0.055655 0.025680 0.033474 0.047533 0.000691 0.004026 0.031382 
0.070137 0.059996 0.028230 0.041081 0.034556 0.071400 0.101085 0.052134 0.054394 0.075360 0.062023 0.107137 0.051265 0.048061 0.038504 0.006905 0.100156 0.076114 0.027482 0.043384 0.016176 0.083251 0.007008 0.001092 0.042957 0.121547 0.109123 0.045461 0.029130 0.017068 0.028129 0.004026 0.000488 0.050006 
0.048586 0.039336 0.028008 0.042449 0.071039 0.082286 0.079780 0.046705 0.037136 0.017699 0.058908 0.106178 0.079630 0.030761 0.051205 0.046977 0.050221 0.029785 0.047317 0.006783 0.097273 0.059323 0.036260 0.042424 0.046585 0.039979 0.026300 0.074230 0.005326 0.021277 0.016730 0.031382 0.050006 0.000488 
