0.000000 0.031427 0.006059 0.058659 0.017475 0.002128 0.038691 0.029468 0.045390 0.054738 0.057930 0.017363 0.062783 0.030477 0.049993 0.029321 0.038586 0.027345 0.076111 0.003453 0.066512 0.036288 0.042227 0.061875 0.082261 0.055729 0.105306 0.031613 0.017400 0.058079 0.065338 0.036303 0.052694 0.040162 
0.031427 0.000000 0.002013 0.023726 0.095052 0.086779 0.035250 0.030402 0.023946 0.052712 0.043037 0.127898 0.047790 0.024956 0.050320 0.046355 0.098053 0.002290 0.091025 0.056176 0.099772 0.020337 0.063475 0.076682 0.044167 0.051404 0.108151 0.037828 0.023303 0.029371 0.009729 0.081080 0.038689 0.036332 
0.006059 0.002013 0.000000 0.031038 0.077921 0.080237 0.043942 0.028070 0.003703 0.047200 0.030351 0.115468 0.068719 0.032682 0.038806 0.050565 0.089466 0.038218 0.079151 0.058033 0.080335 0.030631 0.068381 0.050867 0.059394 0.026743 0.097150 0.008031 0.029393 0.043384 0.024865 0.067951 0.019887 0.020651 
0.058659 0.023726 0.031038 0.000488 0.119252 0.100426 0.033972 0.015018 0.056885 0.065028 0.072686 0.156506 0.042888 0.008924 0.072510 0.045342 0.112609 0.052425 0.114941 0.050358 0.128981 0.055817 0.067703 0.117647 0.042815 0.086680 0.143309 0.056500 0.025851 0.051191 0.060512 0.111225 0.073198 0.066996 
0.017475 0.095052 0.077921 0.119252 0.000000 0.045853 0.028815 0.037720 0.079318 0.071724 0.018992 0.081955 0.116032 0.113038 0.115237 0.162972 0.035009 0.072133 0.127568 0.099525 0.070847 0.061679 0.152836 0.079171 0.132815 0.086253 0.137494 0.100867 0.042830 0.088435 0.081225 0.046460 0.074587 0.065821 
0.002128 0.086779 0.080237 0.100426 0.045853 0.000000 0.009455 0.059531 0.088248 0.037643 0.069562 0.041010 0.086505 0.092478 0.099479 0.131835 0.024730 0.051039 0.071541 0.075335 0.036367 0.055193 0.107947 0.082514 0.129298 0.089318 0.033267 0.105408 0.040070 0.087979 0.098476 0.047595 0.086029 0.074890 
0.038691 0.035250 0.043942 0.033972 0.028815 0.009455 0.000000 0.026980 0.057459 0.049383 0.088699 0.053046 0.081220 0.047266 0.064524 0.049836 0.014810 0.058254 0.109519 0.035950 0.102047 0.074656 0.033457 0.078516 0.111641 0.081226 0.117753 0.055871 0.023598 0.047319 0.067533 0.063578 0.060843 0.049937 
0.029468 0.030402 0.028070 0.015018 0.037720 0.059531 0.026980 0.000488 0.034774 0.026841 0.049527 0.095728 0.088147 0.053257 0.061511 0.069493 0.060436 0.059141 0.031302 0.043759 0.047119 0.062760 0.077839 0.046771 0.092899 0.056411 0.049389 0.032696 0.028093 0.044176 0.040456 0.032844 0.034515 0.026712 
0.045390 0.023946 0.003703 0.056885 0.079318 0.088248 0.057459 0.034774 0.000000 0.048597 0.043504 0.123400 0.078671 0.024427 0.037736 0.028761 0.094561 0.058648 0.035918 0.048225 0.056870 0.060164 0.052799 0.032600 0.063135 0.024053 0.079160 0.032069 0.044798 0.037017 0.017432 0.048115 0.011830 0.004619 
0.054738 0.052712 0.047200 0.065028 0.071724 0.037643 0.049383 0.026841 0.048597 0.000488 0.025671 0.086792 0.035687 0.056369 0.081202 0.093907 0.053695 0.038861 0.061315 0.042534 0.063157 0.029297 0.073998 0.048784 0.092498 0.029662 0.033235 0.084839 0.032530 0.044548 0.060183 0.062745 0.036496 0.019906 
0.057930 0.043037 0.030351 0.072686 0.018992 0.069562 0.088699 0.049527 0.043504 0.025671 0.000488 0.050710 0.099012 0.031348 0.093820 0.044547 0.082907 0.066787 0.069290 0.075478 0.048967 0.048074 0.039906 0.081346 0.053310 0.053937 0.049106 0.088983 0.051098 0.085990 0.064469 0.033854 0.059852 0.054483 
0.017363 0.127898 0.115468 0.156506 0.081955 0.041010 0.053046 0.095728 0.123400 0.086792 0.050710 0.000000 0.102796 0.130968 0.126478 0.189466 0.059776 0.058688 0.168291 0.128275 0.133235 0.036350 0.158299 0.102272 0.150621 0.107241 0.122967 0.144406 0.069676 0.131537 0.135574 0.050121 0.119406 0.107974 
0.062783 0.047790 0.068719 0.042888 0.116032 0.086505 0.081220 0.088147 0.078671 0.035687 0.099012 0.102796 0.000000 0.021226 0.037706 0.071229 0.105878 0.037824 0.061790 0.042533 0.080440 0.058082 0.082843 0.039495 0.079337 0.061065 0.114564 0.078297 0.066320 0.076334 0.094991 0.070227 0.078104 0.072631 
0.030477 0.024956 0.032682 0.008924 0.113038 0.092478 0.047266 0.053257 0.024427 0.056369 0.031348 0.130968 0.021226 0.000488 0.049105 0.027414 0.108373 0.035622 0.098323 0.059258 0.118285 0.038535 0.038173 0.084721 0.031449 0.056881 0.098197 0.058560 0.033987 0.042375 0.041120 0.078457 0.023544 0.021304 
0.049993 0.050320 0.038806 0.072510 0.115237 0.099479 0.064524 0.061511 0.037736 0.081202 0.093820 0.126478 0.037706 0.049105 0.000000 0.096998 0.119374 0.046164 0.172112 0.104117 0.164529 0.076019 0.099108 0.089272 0.038174 0.072995 0.167838 0.050384 0.038846 0.080583 0.055508 0.103969 0.015239 0.017572 
0.029321 0.046355 0.050565 0.045342 0.162972 0.131835 0.049836 0.069493 0.028761 0.093907 0.044547 0.189466 0.071229 0.027414 0.096998 0.000488 0.147509 0.049529 0.135880 0.068911 0.168326 0.045925 0.050245 0.133611 0.057514 0.091998 0.157975 0.095210 0.054416 0.036866 0.034865 0.108376 0.062825 0.050109 
0.038586 0.098053 0.089466 0.112609 0.035009 0.024730 0.014810 0.060436 0.094561 0.053695 0.082907 0.059776 0.105878 0.108373 0.119374 0.147509 0.000488 0.073346 0.066725 0.081136 0.034154 0.078804 0.127549 0.096861 0.144330 0.103709 0.038210 0.115435 0.052468 0.090271 0.100609 0.062218 0.091994 0.081758 
0.027345 0.002290 0.038218 0.052425 0.072133 0.051039 0.058254 0.059141 0.058648 0.038861 0.066787 0.058688 0.037824 0.035622 0.046164 0.049529 0.073346 0.000488 0.053942 0.033086 0.040515 0.026325 0.063440 0.045488 0.073569 0.048713 0.104338 0.036854 0.032927 0.067742 0.078371 0.041232 0.061821 0.052471 
0.076111 0.091025 0.079151 0.114941 0.127568 0.071541 0.109519 0.031302 0.035918 0.061315 0.069290 0.168291 0.061790 0.098323 0.172112 0.135880 0.066725 0.053942 0.000000 0.051542 0.074125 0.044698 0.112516 0.118687 0.123779 0.029616 0.096239 0.155789 0.044633 0.084607 0.030504 0.096549 0.057636 0.057619 
0.003453 0.056176 0.058033 0.050358 0.099525 0.075335 0.035950 0.043759 0.048225 0.042534 0.075478 0.128275 0.042533 0.059258 0.104117 0.068911 0.081136 0.033086 0.051542 0.000345 0.047756 0.059411 0.058746 0.057919 0.097589 0.043323 0.021960 0.096013 0.033196 0.015254 0.050212 0.042148 0.029604 0.023608 
0.066512 0.099772 0.080335 0.128981 0.070847 0.036367 0.102047 0.047119 0.056870 0.063157 0.048967 0.133235 0.080440 0.118285 0.164529 0.168326 0.034154 0.040515 0.074125 0.047756 0.000488 0.064503 0.151513 0.061558 0.143811 0.067109 0.124151 0.141595 0.038189 0.043448 0.035048 0.081860 0.009168 0.024869 
0.036288 0.020337 0.030631 0.055817 0.061679 0.055193 0.074656 0.062760 0.060164 0.029297 0.048074 0.036350 0.058082 0.038535 0.076019 0.045925 0.078804 0.026325 0.044698 0.059411 0.064503 0.000488 0.052397 0.061377 0.062503 0.048163 0.082441 0.041010 0.040552 0.082717 0.082102 0.039401 0.067351 0.058682 
0.042227 0.063475 0.068381 0.067703 0.152836 0.107947 0.033457 0.077839 0.052799 0.073998 0.039906 0.158299 0.082843 0.038173 0.099108 0.050245 0.127549 0.063440 0.112516 0.058746 0.151513 0.052397 0.000000 0.114512 0.040994 0.068882 0.098864 0.114166 0.045957 0.034152 0.063002 0.085073 0.006514 0.015927 
0.061875 0.076682 0.050867 0.117647 0.079171 0.082514 0.078516 0.046771 0.032600 0.048784 0.081346 0.102272 0.039495 0.084721 0.089272 0.133611 0.096861 0.045488 0.118687 0.057919 0.061558 0.061377 0.114512 0.000488 0.031348 0.006818 0.123618 0.084705 0.043437 0.004462 0.025882 0.049847 0.007469 0.004172 
0.082261 0.044167 0.059394 0.042815 0.132815 0.129298 0.111641 0.092899 0.063135 0.092498 0.053310 0.150621 0.079337 0.031449 0.038174 0.057514 0.144330 0.073569 0.123779 0.097589 0.143811 0.062503 0.040994 0.031348 0.000000 0.018962 0.126532 0.002342 0.087737 0.089548 0.074121 0.017200 0.062770 0.067366 
0.055729 0.051404 0.026743 0.086680 0.086253 0.089318 0.081226 0.056411 0.024053 0.029662 0.053937 0.107241 0.061065 0.056881 0.072995 0.091998 0.103709 0.048713 0.029616 0.043323 0.067109 0.048163 0.068882 0.006818 0.018962 0.000000 0.042971 0.066223 0.051379 0.056244 0.047740 0.004056 0.034362 0.033982 
0.105306 0.108151 0.097150 0.143309 0.137494 0.033267 0.117753 0.049389 0.079160 0.033235 0.049106 0.122967 0.114564 0.098197 0.167838 0.157975 0.038210 0.104338 0.096239 0.021960 0.124151 0.082441 0.098864 0.123618 0.126532 0.042971 0.000000 0.179359 0.064999 0.042061 0.085585 0.099531 0.034603 0.020611 
0.031613 0.037828 0.008031 0.056500 0.100867 0.105408 0.055871 0.032696 0.032069 0.084839 0.088983 0.144406 0.078297 0.058560 0.050384 0.095210 0.115435 0.036854 0.155789 0.096013 0.141595 0.041010 0.114166 0.084705 0.002342 0.066223 0.179359 0.000488 0.040686 0.057143 0.033919 0.104727 0.046432 0.038408 
0.017400 0.023303 0.029393 0.025851 0.042830 0.040070 0.023598 0.028093 0.044798 0.032530 0.051098 0.069676 0.066320 0.033987 0.038846 0.054416 0.052468 0.032927 0.044633 0.033196 0.038189 0.040552 0.045957 0.043437 0.087737 0.051379 0.064999 0.040686 0.000488 0.052493 0.059113 0.022361 0.045716 0.034522 
0.058079 0.029371 0.043384 0.051191 0.088435 0.087979 0.047319 0.044176 0.037017 0.044548 0.085990 0.131537 0.076334 0.042375 0.080583 0.036866 0.090271 0.067742 0.084607 0.015254 0.043448 0.082717 0.034152 0.004462 0.089548 0.056244 0.042061 0.057143 0.052493 0.000345 0.035908 0.030873 0.029908 0.030790 
0.065338 0.009729 0.024865 0.060512 0.081225 0.098476 0.067533 0.040456 0.017432 0.060183 0.064469 0.135574 0.094991 0.041120 0.055508 0.034865 0.100609 0.078371 0.030504 0.050212 0.035048 0.082102 0.063002 0.025882 0.074121 0.047740 0.085585 0.033919 0.059113 0.035908 0.000488 0.023177 0.016638 0.026214 
0.036303 0.081080 0.067951 0.111225 0.046460 0.047595 0.063578 0.032844 0.048115 0.062745 0.033854 0.050121 0.070227 0.078457 0.103969 0.108376 0.062218 0.041232 0.096549 0.042148 0.081860 0.039401 0.085073 0.049847 0.017200 0.004056 0.099531 0.104727 0.022361 0.030873 0.023177 0.000345 0.027031 0.033051 
0.052694 0.038689 0.019887 0.073198 0.074587 0.086029 0.060843 0.034515 0.011830 0.036496 0.059852 0.119406 0.078104 0.023544 0.015239 0.062825 0.091994 0.061821 0.057636 0.029604 0.009168 0.067351 0.006514 0.007469 0.062770 0.034362 0.034603 0.046432 0.045716 0.029908 0.016638 0.027031 0.000488 0.011177 
0.040162 0.036332 0.020651 0.066996 0.065821 0.074890 0.049937 0.026712 0.004619 0.019906 0.054483 0.107974 0.072631 0.021304 0.017572 0.050109 0.081758 0.052471 0.057619 0.023608 0.024869 0.058682 0.015927 0.004172 0.067366 0.033982 0.020611 0.038408 0.034522 0.030790 0.026214 0.033051 0.011177 0.000345 
