0.000000 0.012822 0.047159 0.012217 0.019199 0.021714 0.016770 0.048892 0.014435 0.049194 0.016809 0.028212 0.034967 0.031608 0.075725 0.066916 0.033441 0.050715 0.122964 0.013862 0.087546 0.014269 0.052050 0.025762 0.038953 0.049682 0.058940 0.019079 0.056318 0.103490 0.017463 0.015199 0.059377 0.054755 
0.012822 0.000488 0.007993 0.042875 0.057787 0.070668 0.065792 0.013598 0.047413 0.062307 0.060794 0.054177 0.085254 0.009599 0.063507 0.085550 0.040755 0.004340 0.106215 0.001544 0.095225 0.013201 0.045181 0.033181 0.059249 0.062650 0.069228 0.026261 0.067586 0.077974 0.035448 0.020749 0.054245 0.049255 
0.047159 0.007993 0.000488 0.002392 0.074343 0.047204 0.024679 0.010529 0.025050 0.012430 0.034515 0.054671 0.109057 0.015375 0.067439 0.045448 0.042548 0.065294 0.116554 0.080037 0.035759 0.082303 0.101490 0.023372 0.077285 0.093205 0.029576 0.014615 0.040845 0.037998 0.036355 0.045943 0.023931 0.020147 
0.012217 0.042875 0.002392 0.000000 0.020494 0.032102 0.050856 0.029381 0.028772 0.032471 0.031538 0.073743 0.029948 0.056335 0.080916 0.050762 0.035315 0.080778 0.131180 0.072297 0.069277 0.054703 0.087971 0.051866 0.037522 0.057442 0.084403 0.041259 0.029010 0.098788 0.022409 0.027137 0.044547 0.035350 
0.019199 0.057787 0.074343 0.020494 0.000488 0.095470 0.015578 0.093071 0.063171 0.070557 0.081951 0.132151 0.067796 0.106901 0.104114 0.040856 0.032716 0.156149 0.103554 0.109093 0.043993 0.103312 0.097134 0.071703 0.034018 0.052953 0.124307 0.080379 0.063006 0.069911 0.066239 0.026436 0.031230 0.038620 
0.021714 0.070668 0.047204 0.032102 0.095470 0.000000 0.012629 0.030931 0.037287 0.042489 0.015844 0.073073 0.052388 0.104929 0.076405 0.126185 0.076624 0.090362 0.099648 0.072639 0.131218 0.159739 0.152264 0.093886 0.034678 0.065338 0.079609 0.050734 0.044915 0.067141 0.118788 0.107014 0.089023 0.095414 
0.016770 0.065792 0.024679 0.050856 0.015578 0.012629 0.000488 0.020564 0.055101 0.024893 0.038929 0.097488 0.089373 0.098637 0.071339 0.148310 0.003239 0.102328 0.060801 0.071082 0.142105 0.146730 0.126835 0.117831 0.087814 0.058258 0.065580 0.056617 0.069334 0.047344 0.119546 0.100138 0.090567 0.092139 
0.048892 0.013598 0.010529 0.029381 0.093071 0.030931 0.020564 0.000488 0.026421 0.023420 0.026736 0.028933 0.122819 0.032727 0.095468 0.057636 0.062821 0.054559 0.129965 0.083318 0.038322 0.095434 0.117249 0.045660 0.090687 0.108030 0.050344 0.028352 0.061551 0.023257 0.043135 0.053960 0.024816 0.027176 
0.014435 0.047413 0.025050 0.028772 0.063171 0.037287 0.055101 0.026421 0.000000 0.026783 0.021709 0.039915 0.049185 0.036802 0.032370 0.030477 0.062820 0.046427 0.139251 0.062239 0.048714 0.066169 0.108666 0.045975 0.049318 0.072924 0.050042 0.024028 0.060438 0.085178 0.053596 0.053912 0.033231 0.004759 
0.049194 0.062307 0.012430 0.032471 0.070557 0.042489 0.024893 0.023420 0.026783 0.000000 0.029282 0.098647 0.112408 0.038442 0.130835 0.091496 0.029889 0.091269 0.095672 0.038871 0.057174 0.031402 0.073667 0.102935 0.088008 0.079769 0.090326 0.063477 0.048831 0.113422 0.070393 0.058149 0.040226 0.040048 
0.016809 0.060794 0.034515 0.031538 0.081951 0.015844 0.038929 0.026736 0.021709 0.029282 0.000000 0.064510 0.057148 0.072965 0.049711 0.084450 0.069760 0.080323 0.121404 0.072699 0.085434 0.118817 0.133577 0.073244 0.030803 0.071830 0.035775 0.042905 0.051064 0.031673 0.089346 0.084157 0.058868 0.067973 
0.028212 0.054177 0.054671 0.073743 0.132151 0.073073 0.097488 0.028933 0.039915 0.098647 0.064510 0.000000 0.126988 0.125291 0.117589 0.077208 0.096796 0.042464 0.073000 0.043569 0.096000 0.174007 0.136304 0.034272 0.068563 0.092821 0.098567 0.032068 0.102962 0.110638 0.112376 0.101651 0.078958 0.086862 
0.034967 0.085254 0.109057 0.029948 0.067796 0.052388 0.089373 0.122819 0.049185 0.112408 0.057148 0.126988 0.000488 0.103558 0.087185 0.127920 0.044357 0.189351 0.104885 0.130249 0.156939 0.040082 0.144136 0.089914 0.047465 0.034747 0.075705 0.092856 0.097652 0.144074 0.040692 0.087384 0.112798 0.114617 
0.031608 0.009599 0.015375 0.056335 0.106901 0.104929 0.098637 0.032727 0.036802 0.038442 0.072965 0.125291 0.103558 0.000488 0.158153 0.089444 0.093744 0.098208 0.095325 0.037868 0.041285 0.051761 0.099601 0.103087 0.101752 0.110917 0.095644 0.067174 0.089220 0.109936 0.038099 0.023100 0.037779 0.007533 
0.075725 0.063507 0.067439 0.080916 0.104114 0.076405 0.071339 0.095468 0.032370 0.130835 0.049711 0.117589 0.087185 0.158153 0.000488 0.052340 0.112527 0.164718 0.129391 0.134666 0.048508 0.164105 0.093644 0.051606 0.059550 0.040338 0.090702 0.047298 0.137655 0.086469 0.126545 0.090909 0.013896 0.028564 
0.066916 0.085550 0.045448 0.050762 0.040856 0.126185 0.148310 0.057636 0.030477 0.091496 0.084450 0.077208 0.127920 0.089444 0.052340 0.000000 0.095741 0.075313 0.142543 0.072744 0.035198 0.118695 0.126548 0.040263 0.037838 0.036354 0.091085 0.044172 0.056655 0.056369 0.035740 0.045827 0.005736 0.035448 
0.033441 0.040755 0.042548 0.035315 0.032716 0.076624 0.003239 0.062821 0.062820 0.029889 0.069760 0.096796 0.044357 0.093744 0.112527 0.095741 0.000488 0.102144 0.123463 0.068813 0.109369 0.117011 0.046134 0.035114 0.042230 0.043700 0.121685 0.059449 0.031459 0.107071 0.077885 0.049236 0.062511 0.058831 
0.050715 0.004340 0.065294 0.080778 0.156149 0.090362 0.102328 0.054559 0.046427 0.091269 0.080323 0.042464 0.189351 0.098208 0.164718 0.075313 0.102144 0.000000 0.094372 0.061228 0.046022 0.164423 0.143262 0.089280 0.125994 0.141908 0.106783 0.029905 0.112511 0.141364 0.077014 0.086409 0.059481 0.074365 
0.122964 0.106215 0.116554 0.131180 0.103554 0.099648 0.060801 0.129965 0.139251 0.095672 0.121404 0.073000 0.104885 0.095325 0.129391 0.142543 0.123463 0.094372 0.000488 0.119464 0.142618 0.176197 0.040369 0.047122 0.063417 0.093025 0.179889 0.109634 0.139736 0.067051 0.100397 0.034829 0.021418 0.014415 
0.013862 0.001544 0.080037 0.072297 0.109093 0.072639 0.071082 0.083318 0.062239 0.038871 0.072699 0.043569 0.130249 0.037868 0.134666 0.072744 0.068813 0.061228 0.119464 0.000488 0.051357 0.048955 0.050569 0.089096 0.085837 0.082017 0.059977 0.031755 0.068824 0.150862 0.054203 0.030954 0.061312 0.063490 
0.087546 0.095225 0.035759 0.069277 0.043993 0.131218 0.142105 0.038322 0.048714 0.057174 0.085434 0.096000 0.156939 0.041285 0.048508 0.035198 0.109369 0.046022 0.142618 0.051357 0.000000 0.104903 0.118616 0.059885 0.075771 0.061059 0.094461 0.048461 0.089561 0.080242 0.048550 0.059251 0.005546 0.034185 
0.014269 0.013201 0.082303 0.054703 0.103312 0.159739 0.146730 0.095434 0.066169 0.031402 0.118817 0.174007 0.040082 0.051761 0.164105 0.118695 0.117011 0.164423 0.176197 0.048955 0.104903 0.000000 0.111852 0.117335 0.108202 0.121646 0.107142 0.097002 0.119737 0.029928 0.028985 0.031303 0.088826 0.075258 
0.052050 0.045181 0.101490 0.087971 0.097134 0.152264 0.126835 0.117249 0.108666 0.073667 0.133577 0.136304 0.144136 0.099601 0.093644 0.126548 0.046134 0.143262 0.040369 0.050569 0.118616 0.111852 0.000000 0.053230 0.080469 0.067887 0.140486 0.091575 0.077251 0.076857 0.097587 0.041440 0.011667 0.010271 
0.025762 0.033181 0.023372 0.051866 0.071703 0.093886 0.117831 0.045660 0.045975 0.102935 0.073244 0.034272 0.089914 0.103087 0.051606 0.040263 0.035114 0.089280 0.047122 0.089096 0.059885 0.117335 0.053230 0.000488 0.023463 0.008944 0.053371 0.002367 0.080952 0.017207 0.069443 0.045254 0.008917 0.003202 
0.038953 0.059249 0.077285 0.037522 0.034018 0.034678 0.087814 0.090687 0.049318 0.088008 0.030803 0.068563 0.047465 0.101752 0.059550 0.037838 0.042230 0.125994 0.063417 0.085837 0.075771 0.108202 0.080469 0.023463 0.000488 0.021872 0.082149 0.062255 0.058343 0.095713 0.065766 0.022783 0.059561 0.061105 
0.049682 0.062650 0.093205 0.057442 0.052953 0.065338 0.058258 0.108030 0.072924 0.079769 0.071830 0.092821 0.034747 0.110917 0.040338 0.036354 0.043700 0.141908 0.093025 0.082017 0.061059 0.121646 0.067887 0.008944 0.021872 0.000000 0.103702 0.076980 0.049411 0.111159 0.080497 0.003555 0.064621 0.064827 
0.058940 0.069228 0.029576 0.084403 0.124307 0.079609 0.065580 0.050344 0.050042 0.090326 0.035775 0.098567 0.075705 0.095644 0.090702 0.091085 0.121685 0.106783 0.179889 0.059977 0.094461 0.107142 0.140486 0.053371 0.082149 0.103702 0.000488 0.030792 0.132964 0.070848 0.078729 0.075431 0.052796 0.023177 
0.019079 0.026261 0.014615 0.041259 0.080379 0.050734 0.056617 0.028352 0.024028 0.063477 0.042905 0.032068 0.092856 0.067174 0.047298 0.044172 0.059449 0.029905 0.109634 0.031755 0.048461 0.097002 0.091575 0.002367 0.062255 0.076980 0.030792 0.000000 0.071282 0.045748 0.058348 0.053821 0.020789 0.020430 
0.056318 0.067586 0.040845 0.029010 0.063006 0.044915 0.069334 0.061551 0.060438 0.048831 0.051064 0.102962 0.097652 0.089220 0.137655 0.056655 0.031459 0.112511 0.139736 0.068824 0.089561 0.119737 0.077251 0.080952 0.058343 0.049411 0.132964 0.071282 0.000488 0.129015 0.054309 0.017726 0.050548 0.045563 
0.103490 0.077974 0.037998 0.098788 0.069911 0.067141 0.047344 0.023257 0.085178 0.113422 0.031673 0.110638 0.144074 0.109936 0.086469 0.056369 0.107071 0.141364 0.067051 0.150862 0.080242 0.029928 0.076857 0.017207 0.095713 0.111159 0.070848 0.045748 0.129015 0.000000 0.070033 0.047717 0.015738 0.005557 
0.017463 0.035448 0.036355 0.022409 0.066239 0.118788 0.119546 0.043135 0.053596 0.070393 0.089346 0.112376 0.040692 0.038099 0.126545 0.035740 0.077885 0.077014 0.100397 0.054203 0.048550 0.028985 0.097587 0.069443 0.065766 0.080497 0.078729 0.058348 0.054309 0.070033 0.000000 0.029366 0.026440 0.017611 
0.015199 0.020749 0.045943 0.027137 0.026436 0.107014 0.100138 0.053960 0.053912 0.058149 0.084157 0.101651 0.087384 0.023100 0.090909 0.045827 0.049236 0.086409 0.034829 0.030954 0.059251 0.031303 0.041440 0.045254 0.022783 0.003555 0.075431 0.053821 0.017726 0.047717 0.029366 0.000488 0.013927 0.001953 
0.059377 0.054245 0.023931 0.044547 0.031230 0.089023 0.090567 0.024816 0.033231 0.040226 0.058868 0.078958 0.112798 0.037779 0.013896 0.005736 0.062511 0.059481 0.021418 0.061312 0.005546 0.088826 0.011667 0.008917 0.059561 0.064621 0.052796 0.020789 0.050548 0.015738 0.026440 0.013927 0.000488 0.003997 
0.054755 0.049255 0.020147 0.035350 0.038620 0.095414 0.092139 0.027176 0.004759 0.040048 0.067973 0.086862 0.114617 0.007533 0.028564 0.035448 0.058831 0.074365 0.014415 0.063490 0.034185 0.075258 0.010271 0.003202 0.061105 0.064827 0.023177 0.020430 0.045563 0.005557 0.017611 0.001953 0.003997 0.000000 
