0.000488 0.002805 0.005404 0.002826 0.018249 0.024443 0.010994 0.033156 0.015183 0.030443 0.006587 0.113311 0.071053 0.041146 0.070701 0.040637 0.072930 0.008243 0.072852 0.002290 0.076094 0.077899 0.036545 0.044312 0.040092 0.052263 0.045343 0.061938 0.025928 0.077433 0.031643 0.022620 0.050060 0.045133 
0.002805 0.000000 0.021544 0.026244 0.054515 0.044561 0.040832 0.042134 0.028218 0.033006 0.074744 0.077459 0.044188 0.023012 0.051461 0.087232 0.058661 0.030449 0.078514 0.011688 0.079117 0.021739 0.086814 0.084542 0.073495 0.065031 0.069671 0.078752 0.040422 0.066101 0.032938 0.057394 0.047745 0.037503 
0.005404 0.021544 0.000000 0.026171 0.050131 0.046876 0.053353 0.025320 0.024816 0.011048 0.069135 0.069427 0.072686 0.008008 0.072900 0.091643 0.041689 0.052119 0.073646 0.029644 0.089426 0.033577 0.026961 0.076063 0.052018 0.041443 0.047230 0.069565 0.037525 0.075388 0.049572 0.036326 0.051910 0.047187 
0.002826 0.026244 0.026171 0.000000 0.062082 0.066149 0.071329 0.017366 0.055082 0.078271 0.093602 0.070357 0.018509 0.017448 0.074136 0.131617 0.097224 0.053413 0.103019 0.040827 0.114910 0.109237 0.113471 0.117795 0.093983 0.117517 0.093571 0.105610 0.066312 0.091776 0.072453 0.083296 0.073513 0.063548 
0.018249 0.054515 0.050131 0.062082 0.000345 0.035012 0.050442 0.045427 0.076419 0.113803 0.011941 0.063755 0.040882 0.064305 0.077422 0.075560 0.059914 0.059753 0.096798 0.056477 0.115782 0.069143 0.113718 0.071260 0.079805 0.079375 0.127713 0.092570 0.033926 0.094558 0.115110 0.058867 0.071291 0.061885 
0.024443 0.044561 0.046876 0.066149 0.035012 0.000000 0.013001 0.027895 0.052933 0.075423 0.024482 0.110245 0.057772 0.056009 0.048221 0.024356 0.009251 0.046106 0.067402 0.038142 0.074274 0.077840 0.091384 0.030900 0.062142 0.037004 0.100945 0.062562 0.016117 0.060579 0.081317 0.033891 0.039491 0.029084 
0.010994 0.040832 0.053353 0.071329 0.050442 0.013001 0.000488 0.030375 0.062059 0.099605 0.062644 0.089413 0.049677 0.053618 0.041308 0.048789 0.103600 0.036407 0.076283 0.031658 0.072302 0.051046 0.146740 0.071364 0.093208 0.077089 0.127866 0.082084 0.032618 0.039340 0.086395 0.072296 0.031149 0.021620 
0.033156 0.042134 0.025320 0.017366 0.045427 0.027895 0.030375 0.000488 0.044998 0.028356 0.074457 0.125117 0.100379 0.066605 0.105394 0.033135 0.118758 0.038932 0.085028 0.045048 0.101045 0.079037 0.101120 0.038321 0.035598 0.083880 0.044134 0.061767 0.039547 0.107291 0.073371 0.057078 0.074070 0.073332 
0.015183 0.028218 0.024816 0.055082 0.076419 0.052933 0.062059 0.044998 0.000000 0.028836 0.102181 0.039660 0.070444 0.043675 0.042182 0.102912 0.054633 0.068244 0.050691 0.030434 0.070096 0.039394 0.071150 0.085270 0.061337 0.053001 0.044859 0.058699 0.053306 0.032243 0.036187 0.053386 0.017482 0.005726 
0.030443 0.033006 0.011048 0.078271 0.113803 0.075423 0.099605 0.028356 0.028836 0.000488 0.160661 0.138640 0.061415 0.095795 0.051017 0.164232 0.122584 0.108456 0.039761 0.042768 0.075266 0.132470 0.116499 0.126911 0.078011 0.113749 0.040054 0.053935 0.088217 0.077321 0.054111 0.085700 0.056188 0.058021 
0.006587 0.074744 0.069135 0.093602 0.011941 0.024482 0.062644 0.074457 0.102181 0.160661 0.000000 0.053702 0.045801 0.073426 0.065026 0.084639 0.110364 0.084910 0.101860 0.075223 0.133659 0.111651 0.165921 0.076894 0.099568 0.112268 0.173448 0.103415 0.045351 0.091302 0.157473 0.079579 0.072158 0.057780 
0.113311 0.077459 0.069427 0.070357 0.063755 0.110245 0.089413 0.125117 0.039660 0.138640 0.053702 0.000000 0.154248 0.106187 0.155751 0.038854 0.156044 0.038560 0.097069 0.085397 0.065377 0.040613 0.212192 0.039213 0.073511 0.095644 0.169274 0.059364 0.082596 0.142983 0.115630 0.039491 0.124620 0.134235 
0.071053 0.044188 0.072686 0.018509 0.040882 0.057772 0.049677 0.100379 0.070444 0.061415 0.045801 0.154248 0.000488 0.109330 0.072750 0.062892 0.083779 0.080085 0.126311 0.032789 0.073432 0.121763 0.127744 0.084058 0.114006 0.067842 0.109721 0.118089 0.042210 0.111288 0.046031 0.086531 0.093859 0.083506 
0.041146 0.023012 0.008008 0.017448 0.064305 0.056009 0.053618 0.066605 0.043675 0.095795 0.073426 0.106187 0.109330 0.000488 0.085806 0.072090 0.103023 0.053453 0.053972 0.026855 0.062316 0.082917 0.111628 0.053096 0.033803 0.081915 0.089278 0.036817 0.034401 0.072595 0.063926 0.040557 0.047535 0.051965 
0.070701 0.051461 0.072900 0.074136 0.077422 0.048221 0.041308 0.105394 0.042182 0.051017 0.065026 0.155751 0.072750 0.085806 0.000488 0.082191 0.055238 0.036784 0.073115 0.031393 0.056254 0.145107 0.101155 0.041627 0.087716 0.070954 0.073204 0.069229 0.038726 0.043779 0.066566 0.063363 0.044352 0.037059 
0.040637 0.087232 0.091643 0.131617 0.075560 0.024356 0.048789 0.033135 0.102912 0.164232 0.084639 0.038854 0.062892 0.072090 0.082191 0.000488 0.149253 0.098735 0.052027 0.076641 0.081078 0.042362 0.205737 0.052427 0.112697 0.095322 0.188788 0.076378 0.053800 0.064969 0.155451 0.093133 0.038248 0.056234 
0.072930 0.058661 0.041689 0.097224 0.059914 0.009251 0.103600 0.118758 0.054633 0.122584 0.110364 0.156044 0.083779 0.103023 0.055238 0.149253 0.000488 0.136811 0.071942 0.069739 0.129615 0.166870 0.064239 0.065549 0.061796 0.076650 0.108803 0.052298 0.047922 0.052126 0.157942 0.040817 0.062123 0.059733 
0.008243 0.030449 0.052119 0.053413 0.059753 0.046106 0.036407 0.038932 0.068244 0.108456 0.084910 0.038560 0.080085 0.053453 0.036784 0.098735 0.136811 0.000000 0.101493 0.028180 0.092118 0.068575 0.169979 0.110214 0.115622 0.123443 0.136248 0.109254 0.057819 0.064017 0.080644 0.097653 0.057437 0.034164 
0.072852 0.078514 0.073646 0.103019 0.096798 0.067402 0.076283 0.085028 0.050691 0.039761 0.101860 0.097069 0.126311 0.053972 0.073115 0.052027 0.071942 0.101493 0.000345 0.072988 0.051149 0.089742 0.053110 0.029272 0.034241 0.090384 0.033310 0.016780 0.062414 0.034428 0.067840 0.027710 0.032811 0.043324 
0.002290 0.011688 0.029644 0.040827 0.056477 0.038142 0.031658 0.045048 0.030434 0.042768 0.075223 0.085397 0.032789 0.026855 0.031393 0.076641 0.069739 0.028180 0.072988 0.000345 0.069202 0.048017 0.100827 0.079653 0.076509 0.061222 0.079763 0.075272 0.037239 0.052977 0.036187 0.059191 0.037258 0.021461 
0.076094 0.079117 0.089426 0.114910 0.115782 0.074274 0.072302 0.101045 0.070096 0.075266 0.133659 0.065377 0.073432 0.062316 0.056254 0.081078 0.129615 0.092118 0.051149 0.069202 0.000000 0.071416 0.156295 0.094115 0.108649 0.071612 0.114582 0.073719 0.084195 0.059488 0.067872 0.098220 0.007076 0.022913 
0.077899 0.021739 0.033577 0.109237 0.069143 0.077840 0.051046 0.079037 0.039394 0.132470 0.111651 0.040613 0.121763 0.082917 0.145107 0.042362 0.166870 0.068575 0.089742 0.048017 0.071416 0.000000 0.214523 0.049105 0.096510 0.095753 0.165886 0.040860 0.029018 0.139470 0.113421 0.078449 0.112224 0.120145 
0.036545 0.086814 0.026961 0.113471 0.113718 0.091384 0.146740 0.101120 0.071150 0.116499 0.165921 0.212192 0.127744 0.111628 0.101155 0.205737 0.064239 0.169979 0.053110 0.100827 0.156295 0.214523 0.000488 0.125655 0.037674 0.121908 0.080753 0.029443 0.103294 0.030656 0.164892 0.059616 0.016046 0.035538 
0.044312 0.084542 0.076063 0.117795 0.071260 0.030900 0.071364 0.038321 0.085270 0.126911 0.076894 0.039213 0.084058 0.053096 0.041627 0.052427 0.065549 0.110214 0.029272 0.079653 0.094115 0.049105 0.125655 0.000691 0.063775 0.009747 0.140706 0.041701 0.048135 0.012515 0.141390 0.049035 0.007109 0.015882 
0.040092 0.073495 0.052018 0.093983 0.079805 0.062142 0.093208 0.035598 0.061337 0.078011 0.099568 0.073511 0.114006 0.033803 0.087716 0.112697 0.061796 0.115622 0.034241 0.076509 0.108649 0.096510 0.037674 0.063775 0.000488 0.017582 0.075563 0.036131 0.062400 0.060946 0.116807 0.022184 0.042165 0.047139 
0.052263 0.065031 0.041443 0.117517 0.079375 0.037004 0.077089 0.083880 0.053001 0.113749 0.112268 0.095644 0.067842 0.081915 0.070954 0.095322 0.076650 0.123443 0.090384 0.061222 0.071612 0.095753 0.121908 0.009747 0.017582 0.000691 0.122964 0.069553 0.038297 0.099349 0.138326 0.005652 0.085367 0.084479 
0.045343 0.069671 0.047230 0.093571 0.127713 0.100945 0.127866 0.044134 0.044859 0.040054 0.173448 0.169274 0.109721 0.089278 0.073204 0.188788 0.108803 0.136248 0.033310 0.079763 0.114582 0.165886 0.080753 0.140706 0.075563 0.122964 0.000488 0.070607 0.108264 0.014843 0.090797 0.092077 0.034063 0.039215 
0.061938 0.078752 0.069565 0.105610 0.092570 0.062562 0.082084 0.061767 0.058699 0.053935 0.103415 0.059364 0.118089 0.036817 0.069229 0.076378 0.052298 0.109254 0.016780 0.075272 0.073719 0.040860 0.029443 0.041701 0.036131 0.069553 0.070607 0.000691 0.062524 0.027075 0.096100 0.033138 0.023911 0.034154 
0.025928 0.040422 0.037525 0.066312 0.033926 0.016117 0.032618 0.039547 0.053306 0.088217 0.045351 0.082596 0.042210 0.034401 0.038726 0.053800 0.047922 0.057819 0.062414 0.037239 0.084195 0.029018 0.103294 0.048135 0.062400 0.038297 0.108264 0.062524 0.000000 0.051885 0.094082 0.039121 0.028255 0.005282 
0.077433 0.066101 0.075388 0.091776 0.094558 0.060579 0.039340 0.107291 0.032243 0.077321 0.091302 0.142983 0.111288 0.072595 0.043779 0.064969 0.052126 0.064017 0.034428 0.052977 0.059488 0.139470 0.030656 0.012515 0.060946 0.099349 0.014843 0.027075 0.051885 0.000488 0.058608 0.042595 0.025874 0.032647 
0.031643 0.032938 0.049572 0.072453 0.115110 0.081317 0.086395 0.073371 0.036187 0.054111 0.157473 0.115630 0.046031 0.063926 0.066566 0.155451 0.157942 0.080644 0.067840 0.036187 0.067872 0.113421 0.164892 0.141390 0.116807 0.138326 0.090797 0.096100 0.094082 0.058608 0.000345 0.112440 0.016816 0.039565 
0.022620 0.057394 0.036326 0.083296 0.058867 0.033891 0.072296 0.057078 0.053386 0.085700 0.079579 0.039491 0.086531 0.040557 0.063363 0.093133 0.040817 0.097653 0.027710 0.059191 0.098220 0.078449 0.059616 0.049035 0.022184 0.005652 0.092077 0.033138 0.039121 0.042595 0.112440 0.000000 0.008693 0.004759 
0.050060 0.047745 0.051910 0.073513 0.071291 0.039491 0.031149 0.074070 0.017482 0.056188 0.072158 0.124620 0.093859 0.047535 0.044352 0.038248 0.062123 0.057437 0.032811 0.037258 0.007076 0.112224 0.016046 0.007109 0.042165 0.085367 0.034063 0.023911 0.028255 0.025874 0.016816 0.008693 0.000000 0.010461 
0.045133 0.037503 0.047187 0.063548 0.061885 0.029084 0.021620 0.073332 0.005726 0.058021 0.057780 0.134235 0.083506 0.051965 0.037059 0.056234 0.059733 0.034164 0.043324 0.021461 0.022913 0.120145 0.035538 0.015882 0.047139 0.084479 0.039215 0.034154 0.005282 0.032647 0.039565 0.004759 0.010461 0.000488 
