0.000000 0.016494 0.019894 0.015097 0.002930 0.014608 0.015746 0.014059 0.006569 0.045858 0.031722 0.009271 0.043827 0.039485 0.062038 0.050084 0.099289 0.007517 0.044889 0.026173 0.033330 0.004229 0.066151 0.055862 0.092678 0.066564 0.085004 0.060426 0.026843 0.034008 0.074720 0.005859 0.030586 0.017964 
0.016494 0.000488 0.012974 0.011850 0.030184 0.038588 0.041172 0.033651 0.030004 0.066682 0.037529 0.032572 0.030408 0.041053 0.056323 0.025602 0.090955 0.014109 0.024769 0.015054 0.056824 0.022752 0.062265 0.052452 0.071958 0.055094 0.047133 0.024614 0.025956 0.021281 0.069184 0.026996 0.030792 0.015815 
0.019894 0.012974 0.000000 0.004809 0.042666 0.021068 0.023696 0.015486 0.009923 0.010653 0.036587 0.043836 0.022525 0.029705 0.050841 0.016904 0.109305 0.063145 0.021546 0.051029 0.036512 0.031087 0.047222 0.025605 0.102475 0.083815 0.050699 0.035337 0.017871 0.014084 0.057271 0.034408 0.013107 0.011960 
0.015097 0.011850 0.004809 0.000000 0.023996 0.034035 0.038739 0.012010 0.045522 0.063983 0.021511 0.031279 0.036257 0.008541 0.049248 0.046753 0.113725 0.035948 0.075601 0.070518 0.088770 0.051133 0.075056 0.043264 0.124207 0.101275 0.111082 0.084074 0.055450 0.029830 0.089440 0.043596 0.017172 0.027685 
0.002930 0.030184 0.042666 0.023996 0.000488 0.037081 0.010295 0.034694 0.073184 0.153007 0.052696 0.038374 0.106516 0.079500 0.064767 0.097420 0.057232 0.130032 0.030539 0.095785 0.065234 0.056151 0.098999 0.117954 0.118183 0.115378 0.103078 0.055004 0.027667 0.059925 0.088827 0.071700 0.071141 0.053877 
0.014608 0.038588 0.021068 0.034035 0.037081 0.000488 0.008229 0.034324 0.074646 0.141002 0.057212 0.074338 0.082209 0.076375 0.105300 0.080667 0.013536 0.057923 0.129815 0.119131 0.185971 0.113393 0.063739 0.037069 0.116763 0.114688 0.168920 0.133349 0.114916 0.042227 0.074064 0.042256 0.050404 0.046330 
0.015746 0.041172 0.023696 0.038739 0.010295 0.008229 0.000000 0.031924 0.069696 0.139276 0.056124 0.065780 0.084128 0.077536 0.109243 0.077143 0.004367 0.047028 0.122118 0.120553 0.180564 0.114987 0.054606 0.046101 0.113212 0.114828 0.161321 0.127935 0.113724 0.040510 0.063497 0.041998 0.048784 0.044094 
0.014059 0.033651 0.015486 0.012010 0.034694 0.034324 0.031924 0.000000 0.042408 0.076920 0.023269 0.056379 0.051067 0.045488 0.101389 0.082342 0.082917 0.085393 0.098847 0.082826 0.145345 0.096493 0.051815 0.048566 0.040957 0.040325 0.134225 0.100302 0.094382 0.035276 0.031713 0.025268 0.033364 0.033371 
0.006569 0.030004 0.009923 0.045522 0.073184 0.074646 0.069696 0.042408 0.000488 0.051876 0.064030 0.055202 0.050564 0.058938 0.026398 0.081487 0.119542 0.059526 0.034800 0.049303 0.054853 0.066357 0.044099 0.066275 0.102216 0.074963 0.099220 0.064230 0.058517 0.032568 0.003829 0.042538 0.011140 0.011027 
0.045858 0.066682 0.010653 0.063983 0.153007 0.141002 0.139276 0.076920 0.051876 0.000488 0.095957 0.111043 0.032596 0.059528 0.147521 0.131940 0.085447 0.101941 0.064594 0.103847 0.117585 0.149065 0.109159 0.049419 0.039334 0.051122 0.106882 0.058161 0.120203 0.030633 0.159601 0.091542 0.042717 0.019406 
0.031722 0.037529 0.036587 0.021511 0.052696 0.057212 0.056124 0.023269 0.064030 0.095957 0.000000 0.028137 0.068753 0.027414 0.077795 0.066507 0.121947 0.089403 0.056787 0.066181 0.035616 0.033349 0.051124 0.053313 0.140238 0.113899 0.043558 0.044942 0.029568 0.037341 0.081606 0.068424 0.047056 0.044862 
0.009271 0.032572 0.043836 0.031279 0.038374 0.074338 0.065780 0.056379 0.055202 0.111043 0.028137 0.000488 0.107170 0.066202 0.094686 0.079113 0.066976 0.065330 0.035845 0.094007 0.080285 0.076338 0.056346 0.082206 0.040440 0.083647 0.069949 0.041210 0.050048 0.057520 0.053684 0.073558 0.064239 0.056663 
0.043827 0.030408 0.022525 0.036257 0.106516 0.082209 0.084128 0.051067 0.050564 0.032596 0.068753 0.107170 0.000000 0.049790 0.032343 0.045925 0.137029 0.140654 0.120818 0.040587 0.133905 0.040244 0.100233 0.071559 0.100393 0.083579 0.131529 0.101766 0.053992 0.040756 0.115882 0.033558 0.020772 0.023257 
0.039485 0.041053 0.029705 0.008541 0.079500 0.076375 0.077536 0.045488 0.058938 0.059528 0.027414 0.066202 0.049790 0.000488 0.085138 0.051618 0.092559 0.039635 0.083305 0.037878 0.060927 0.055181 0.088817 0.040351 0.114338 0.087729 0.086791 0.068506 0.032054 0.019010 0.112888 0.065517 0.030547 0.039442 
0.062038 0.056323 0.050841 0.049248 0.064767 0.105300 0.109243 0.101389 0.026398 0.147521 0.077795 0.094686 0.032343 0.085138 0.000488 0.079977 0.085396 0.169557 0.120695 0.049395 0.095456 0.036605 0.149849 0.141193 0.113165 0.091022 0.149748 0.089382 0.046906 0.022856 0.150292 0.062866 0.021051 0.058760 
0.050084 0.025602 0.016904 0.046753 0.097420 0.080667 0.077143 0.082342 0.081487 0.131940 0.066507 0.079113 0.045925 0.051618 0.079977 0.000488 0.046429 0.075592 0.094984 0.048027 0.110763 0.065914 0.066462 0.073325 0.104174 0.047573 0.082848 0.080223 0.024681 0.024395 0.041239 0.039842 0.046592 0.023413 
0.099289 0.090955 0.109305 0.113725 0.057232 0.013536 0.004367 0.082917 0.119542 0.085447 0.121947 0.066976 0.137029 0.092559 0.085396 0.046429 0.000000 0.053922 0.122402 0.080543 0.112288 0.097054 0.049575 0.079371 0.065971 0.070156 0.062057 0.051805 0.058647 0.107105 0.061986 0.099048 0.124768 0.117184 
0.007517 0.014109 0.063145 0.035948 0.130032 0.057923 0.047028 0.085393 0.059526 0.101941 0.089403 0.065330 0.140654 0.039635 0.169557 0.075592 0.053922 0.000000 0.092468 0.156820 0.166833 0.165674 0.045910 0.040546 0.066387 0.127311 0.132983 0.086140 0.130042 0.064726 0.069552 0.081701 0.087337 0.085011 
0.044889 0.024769 0.021546 0.075601 0.030539 0.129815 0.122118 0.098847 0.034800 0.064594 0.056787 0.035845 0.120818 0.083305 0.120695 0.094984 0.122402 0.092468 0.000488 0.104052 0.071506 0.082776 0.059171 0.067584 0.107510 0.056523 0.077419 0.049402 0.049301 0.051821 0.074091 0.090742 0.039392 0.046990 
0.026173 0.015054 0.051029 0.070518 0.095785 0.119131 0.120553 0.082826 0.049303 0.103847 0.066181 0.094007 0.040587 0.037878 0.049395 0.048027 0.080543 0.156820 0.104052 0.000488 0.100615 0.046782 0.139086 0.100278 0.073247 0.047056 0.142505 0.106178 0.040911 0.061618 0.159822 0.053760 0.068539 0.040372 
0.033330 0.056824 0.036512 0.088770 0.065234 0.185971 0.180564 0.145345 0.054853 0.117585 0.035616 0.080285 0.133905 0.060927 0.095456 0.110763 0.112288 0.166833 0.071506 0.100615 0.000000 0.055314 0.153982 0.085039 0.122277 0.055505 0.033368 0.027251 0.031605 0.057027 0.175285 0.124576 0.012877 0.060449 
0.004229 0.022752 0.031087 0.051133 0.056151 0.113393 0.114987 0.096493 0.066357 0.149065 0.033349 0.076338 0.040244 0.055181 0.036605 0.065914 0.097054 0.165674 0.082776 0.046782 0.055314 0.000488 0.138321 0.122601 0.128325 0.094547 0.123401 0.076015 0.031625 0.045342 0.144118 0.046127 0.061968 0.022728 
0.066151 0.062265 0.047222 0.075056 0.098999 0.063739 0.054606 0.051815 0.044099 0.109159 0.051124 0.056346 0.100233 0.088817 0.149849 0.066462 0.049575 0.045910 0.059171 0.139086 0.153982 0.138321 0.000488 0.064377 0.043966 0.110992 0.122499 0.098256 0.117527 0.041348 0.041201 0.044428 0.001544 0.012410 
0.055862 0.052452 0.025605 0.043264 0.117954 0.037069 0.046101 0.048566 0.066275 0.049419 0.053313 0.082206 0.071559 0.040351 0.141193 0.073325 0.079371 0.040546 0.067584 0.100278 0.085039 0.122601 0.064377 0.000000 0.109291 0.008464 0.040584 0.020762 0.092309 0.005437 0.103920 0.036404 0.011606 0.010323 
0.092678 0.071958 0.102475 0.124207 0.118183 0.116763 0.113212 0.040957 0.102216 0.039334 0.140238 0.040440 0.100393 0.114338 0.113165 0.104174 0.065971 0.066387 0.107510 0.073247 0.122277 0.128325 0.043966 0.109291 0.000000 0.008236 0.109840 0.015675 0.094370 0.092894 0.124478 0.038809 0.115897 0.107111 
0.066564 0.055094 0.083815 0.101275 0.115378 0.114688 0.114828 0.040325 0.074963 0.051122 0.113899 0.083647 0.083579 0.087729 0.091022 0.047573 0.070156 0.127311 0.056523 0.047056 0.055505 0.094547 0.110992 0.008464 0.008236 0.000488 0.103149 0.098756 0.044758 0.085095 0.151504 0.011016 0.096914 0.082357 
0.085004 0.047133 0.050699 0.111082 0.103078 0.168920 0.161321 0.134225 0.099220 0.106882 0.043558 0.069949 0.131529 0.086791 0.149748 0.082848 0.062057 0.132983 0.077419 0.142505 0.033368 0.123401 0.122499 0.040584 0.109840 0.103149 0.000488 0.024443 0.078192 0.011273 0.133710 0.105989 0.060799 0.011965 
0.060426 0.024614 0.035337 0.084074 0.055004 0.133349 0.127935 0.100302 0.064230 0.058161 0.044942 0.041210 0.101766 0.068506 0.089382 0.080223 0.051805 0.086140 0.049402 0.106178 0.027251 0.076015 0.098256 0.020762 0.015675 0.098756 0.024443 0.000488 0.041161 0.017759 0.117057 0.089013 0.042515 0.013478 
0.026843 0.025956 0.017871 0.055450 0.027667 0.114916 0.113724 0.094382 0.058517 0.120203 0.029568 0.050048 0.053992 0.032054 0.046906 0.024681 0.058647 0.130042 0.049301 0.040911 0.031605 0.031625 0.117527 0.092309 0.094370 0.044758 0.078192 0.041161 0.000488 0.018073 0.126240 0.065710 0.046629 0.016822 
0.034008 0.021281 0.014084 0.029830 0.059925 0.042227 0.040510 0.035276 0.032568 0.030633 0.037341 0.057520 0.040756 0.019010 0.022856 0.024395 0.107105 0.064726 0.051821 0.061618 0.057027 0.045342 0.041348 0.005437 0.092894 0.085095 0.011273 0.017759 0.018073 0.000488 0.049156 0.040549 0.021217 0.005767 
0.074720 0.069184 0.057271 0.089440 0.088827 0.074064 0.063497 0.031713 0.003829 0.159601 0.081606 0.053684 0.115882 0.112888 0.150292 0.041239 0.061986 0.069552 0.074091 0.159822 0.175285 0.144118 0.041201 0.103920 0.124478 0.151504 0.133710 0.117057 0.126240 0.049156 0.000488 0.062517 0.017097 0.009003 
0.005859 0.026996 0.034408 0.043596 0.071700 0.042256 0.041998 0.025268 0.042538 0.091542 0.068424 0.073558 0.033558 0.065517 0.062866 0.039842 0.099048 0.081701 0.090742 0.053760 0.124576 0.046127 0.044428 0.036404 0.038809 0.011016 0.105989 0.089013 0.065710 0.040549 0.062517 0.000000 0.013156 0.014858 
0.030586 0.030792 0.013107 0.017172 0.071141 0.050404 0.048784 0.033364 0.011140 0.042717 0.047056 0.064239 0.020772 0.030547 0.021051 0.046592 0.124768 0.087337 0.039392 0.068539 0.012877 0.061968 0.001544 0.011606 0.115897 0.096914 0.060799 0.042515 0.046629 0.021217 0.017097 0.013156 0.000000 0.004229 
0.017964 0.015815 0.011960 0.027685 0.053877 0.046330 0.044094 0.033371 0.011027 0.019406 0.044862 0.056663 0.023257 0.039442 0.058760 0.023413 0.117184 0.085011 0.046990 0.040372 0.060449 0.022728 0.012410 0.010323 0.107111 0.082357 0.011965 0.013478 0.016822 0.005767 0.009003 0.014858 0.004229 0.000488 
