0.000000 0.011039 0.019330 0.023061 0.040429 0.045779 0.040920 0.008138 0.047449 0.072286 0.043542 0.064249 0.055080 0.041583 0.263959 0.119972 0.073413 0.045281 0.175524 0.027175 0.154773 0.031966 0.248785 0.168342 0.187099 0.170239 0.223195 0.128620 0.066520 0.218475 0.068280 0.100163 0.119033 0.092730 
0.011039 0.000000 0.023282 0.030380 0.090492 0.087890 0.074296 0.027069 0.034918 0.097886 0.098197 0.055510 0.081806 0.023319 0.204487 0.109462 0.115901 0.015989 0.122182 0.022918 0.102249 0.039960 0.214204 0.149489 0.195496 0.190242 0.229689 0.114899 0.091809 0.201145 0.030416 0.117112 0.092615 0.075951 
0.019330 0.023282 0.000000 0.021045 0.088658 0.086369 0.109913 0.007887 0.017334 0.028754 0.079903 0.136990 0.074804 0.017529 0.170628 0.097825 0.136781 0.071925 0.138034 0.048409 0.086288 0.088579 0.178932 0.079285 0.089128 0.086132 0.148363 0.048805 0.048190 0.123147 0.051833 0.042201 0.062288 0.041857 
0.023061 0.030380 0.021045 0.000000 0.066686 0.119335 0.109449 0.020962 0.070533 0.042231 0.070851 0.137897 0.020082 0.020137 0.277678 0.200193 0.169722 0.058895 0.233847 0.089622 0.137316 0.047433 0.315635 0.162642 0.138899 0.165917 0.278911 0.091475 0.119274 0.235195 0.096251 0.110466 0.146358 0.117434 
0.040429 0.090492 0.088658 0.066686 0.000000 0.040345 0.029333 0.044814 0.158241 0.110781 0.003780 0.120295 0.048798 0.141577 0.488527 0.243017 0.060796 0.142854 0.369993 0.105418 0.340617 0.050312 0.437017 0.317296 0.282309 0.253534 0.344098 0.251849 0.119137 0.377170 0.212984 0.176692 0.271185 0.224498 
0.045779 0.087890 0.086369 0.119335 0.040345 0.000000 0.021435 0.048894 0.108500 0.139159 0.032423 0.095669 0.146268 0.162723 0.377369 0.115983 0.008555 0.157302 0.247989 0.048978 0.302371 0.102283 0.276502 0.251625 0.279899 0.202308 0.207818 0.243813 0.047757 0.272276 0.161541 0.127984 0.185078 0.150919 
0.040920 0.074296 0.109913 0.109449 0.029333 0.021435 0.000000 0.066540 0.146737 0.186961 0.039325 0.044368 0.116316 0.162816 0.453627 0.180754 0.016862 0.110688 0.288803 0.055402 0.334747 0.046246 0.373823 0.338480 0.370039 0.310382 0.332118 0.304021 0.115523 0.381256 0.169285 0.211655 0.248283 0.212046 
0.008138 0.027069 0.007887 0.020962 0.044814 0.048894 0.066540 0.000000 0.038019 0.034531 0.038024 0.115366 0.055943 0.039958 0.241546 0.113222 0.089963 0.080427 0.183391 0.044165 0.144513 0.065008 0.226087 0.126506 0.125528 0.109960 0.174932 0.090290 0.042888 0.171471 0.081215 0.057460 0.100718 0.072772 
0.047449 0.034918 0.017334 0.070533 0.158241 0.108500 0.146737 0.038019 0.000000 0.071930 0.144826 0.142879 0.159968 0.035073 0.091015 0.041339 0.154583 0.083980 0.060257 0.035896 0.050812 0.142591 0.088280 0.045625 0.102691 0.081139 0.091965 0.049041 0.040433 0.069088 0.021190 0.038933 0.016303 0.008068 
0.072286 0.097886 0.028754 0.042231 0.110781 0.139159 0.186961 0.034531 0.071930 0.000000 0.090157 0.271519 0.077648 0.059149 0.243370 0.184613 0.213964 0.174433 0.258156 0.142403 0.147838 0.162320 0.261880 0.093368 0.041629 0.055142 0.171256 0.045037 0.077830 0.143654 0.148390 0.037492 0.121499 0.090934 
0.043542 0.098197 0.079903 0.070851 0.003780 0.032423 0.039325 0.038024 0.144826 0.090157 0.000000 0.144785 0.059927 0.142958 0.461591 0.220089 0.058839 0.164882 0.358469 0.105683 0.330549 0.074402 0.401570 0.283479 0.244679 0.209100 0.295234 0.227903 0.092481 0.334771 0.213485 0.142815 0.248318 0.201936 
0.064249 0.055510 0.136990 0.137897 0.120295 0.095669 0.044368 0.115366 0.142879 0.271519 0.144785 0.000000 0.176260 0.147973 0.381128 0.173203 0.080278 0.048539 0.201370 0.043369 0.268235 0.047792 0.338338 0.349277 0.444080 0.398947 0.384224 0.323825 0.182163 0.396167 0.106982 0.281512 0.227000 0.208278 
0.055080 0.081806 0.074804 0.020082 0.048798 0.146268 0.116316 0.055943 0.159968 0.077648 0.059927 0.176260 0.000000 0.078016 0.446371 0.321287 0.193696 0.108114 0.383707 0.158651 0.259160 0.046224 0.483821 0.284529 0.218501 0.256160 0.413192 0.180305 0.191900 0.376581 0.196639 0.191912 0.270524 0.227933 
0.041583 0.023319 0.017529 0.020137 0.141577 0.162723 0.162816 0.039958 0.035073 0.059149 0.142958 0.147973 0.078016 0.000000 0.159552 0.148991 0.218144 0.043869 0.137865 0.077902 0.053587 0.088151 0.216273 0.096724 0.112606 0.142563 0.223408 0.048836 0.118211 0.158224 0.040873 0.093835 0.078919 0.064507 
0.263959 0.204487 0.170628 0.277678 0.488527 0.377369 0.453627 0.241546 0.091015 0.243370 0.461591 0.381128 0.446371 0.159552 0.000000 0.107610 0.446786 0.251734 0.043483 0.200862 0.037444 0.424015 0.041049 0.045095 0.164124 0.154006 0.113903 0.096283 0.194140 0.043828 0.089330 0.141116 0.034603 0.054784 
0.119972 0.109462 0.097825 0.200193 0.243017 0.115983 0.180754 0.113222 0.041339 0.184613 0.220089 0.173203 0.321287 0.148991 0.107610 0.000000 0.141895 0.177429 0.044354 0.049784 0.131152 0.251124 0.037483 0.093153 0.208593 0.128166 0.053344 0.150664 0.042292 0.078038 0.064945 0.080602 0.034401 0.033610 
0.073413 0.115901 0.136781 0.169722 0.060796 0.008555 0.016862 0.089963 0.154583 0.213964 0.058839 0.080278 0.193696 0.218144 0.446786 0.141895 0.000000 0.177106 0.279698 0.061350 0.370842 0.114495 0.323930 0.332131 0.381959 0.287134 0.268218 0.330288 0.086477 0.349313 0.195343 0.195935 0.239632 0.205288 
0.045281 0.015989 0.071925 0.058895 0.142854 0.157302 0.110688 0.080427 0.083980 0.174433 0.164882 0.048539 0.108114 0.043869 0.251734 0.177429 0.177106 0.000000 0.150049 0.056152 0.124516 0.038958 0.289715 0.226548 0.289844 0.303211 0.346042 0.177219 0.181829 0.293697 0.045215 0.212499 0.150162 0.137583 
0.175524 0.122182 0.138034 0.233847 0.369993 0.247989 0.288803 0.183391 0.060257 0.258156 0.358469 0.201370 0.383707 0.137865 0.043483 0.044354 0.279698 0.150049 0.000000 0.091307 0.063462 0.291083 0.038544 0.098840 0.251379 0.208502 0.130083 0.151966 0.144008 0.096797 0.034497 0.156249 0.032986 0.048692 
0.027175 0.022918 0.048409 0.089622 0.105418 0.048978 0.055402 0.044165 0.035896 0.142403 0.105683 0.043369 0.158651 0.077902 0.200862 0.049784 0.061350 0.056152 0.091307 0.000000 0.142164 0.081312 0.155141 0.158838 0.241282 0.190180 0.170301 0.161866 0.055103 0.182477 0.038341 0.112779 0.081033 0.067322 
0.154773 0.102249 0.086288 0.137316 0.340617 0.302371 0.334747 0.144513 0.050812 0.147838 0.330549 0.268235 0.259160 0.053587 0.037444 0.131152 0.370842 0.124516 0.063462 0.142164 0.000000 0.255057 0.113780 0.047225 0.119893 0.147272 0.174548 0.044354 0.172960 0.083540 0.039735 0.118635 0.037201 0.045063 
0.031966 0.039960 0.088579 0.047433 0.050312 0.102283 0.046246 0.065008 0.142591 0.162320 0.074402 0.047792 0.046224 0.088151 0.424015 0.251124 0.114495 0.038958 0.291083 0.081312 0.255057 0.000000 0.429220 0.325588 0.335953 0.339930 0.421811 0.248521 0.186596 0.404373 0.134602 0.241004 0.251104 0.218448 
0.248785 0.214204 0.178932 0.315635 0.437017 0.276502 0.373823 0.226087 0.088280 0.261880 0.401570 0.338338 0.483821 0.216273 0.041049 0.037483 0.323930 0.289715 0.038544 0.155141 0.113780 0.429220 0.000000 0.069245 0.208928 0.138729 0.043673 0.154338 0.121299 0.038684 0.109309 0.117599 0.034793 0.049723 
0.168342 0.149489 0.079285 0.162642 0.317296 0.251625 0.338480 0.126506 0.045625 0.093368 0.283479 0.349277 0.284529 0.096724 0.045095 0.093153 0.332131 0.226548 0.098840 0.158838 0.047225 0.325588 0.069245 0.000000 0.041376 0.034985 0.057169 0.020807 0.093734 0.010455 0.093982 0.034321 0.021183 0.020693 
0.187099 0.195496 0.089128 0.138899 0.282309 0.279899 0.370039 0.125528 0.102691 0.041629 0.244679 0.444080 0.218501 0.112606 0.164124 0.208593 0.381959 0.289844 0.251379 0.241282 0.119893 0.335953 0.208928 0.041376 0.000000 0.023660 0.128649 0.019853 0.129479 0.074822 0.189726 0.040059 0.105124 0.087799 
0.170239 0.190242 0.086132 0.165917 0.253534 0.202308 0.310382 0.109960 0.081139 0.055142 0.209100 0.398947 0.256160 0.142563 0.154006 0.128166 0.287134 0.303211 0.208502 0.190180 0.147272 0.339930 0.138729 0.034985 0.023660 0.000000 0.050374 0.047263 0.063300 0.042118 0.178504 0.010323 0.077105 0.060056 
0.223195 0.229689 0.148363 0.278911 0.344098 0.207818 0.332118 0.174932 0.091965 0.171256 0.295234 0.384224 0.413192 0.223408 0.113903 0.053344 0.268218 0.346042 0.130083 0.170301 0.174548 0.421811 0.043673 0.057169 0.128649 0.050374 0.000000 0.128001 0.059916 0.026431 0.170329 0.048493 0.057638 0.054676 
0.128620 0.114899 0.048805 0.091475 0.251849 0.243813 0.304021 0.090290 0.049041 0.045037 0.227903 0.323825 0.180305 0.048836 0.096283 0.150664 0.330288 0.177219 0.151966 0.161866 0.044354 0.248521 0.154338 0.020807 0.019853 0.047263 0.128001 0.000000 0.113418 0.059872 0.095631 0.041771 0.052513 0.043051 
0.066520 0.091809 0.048190 0.119274 0.119137 0.047757 0.115523 0.042888 0.040433 0.077830 0.092481 0.182163 0.191900 0.118211 0.194140 0.042292 0.086477 0.181829 0.144008 0.055103 0.172960 0.186596 0.121299 0.093734 0.129479 0.063300 0.059916 0.113418 0.000000 0.096793 0.107229 0.026510 0.067404 0.046642 
0.218475 0.201145 0.123147 0.235195 0.377170 0.272276 0.381256 0.171471 0.069088 0.143654 0.334771 0.396167 0.376581 0.158224 0.043828 0.078038 0.349313 0.293697 0.096797 0.182477 0.083540 0.404373 0.038684 0.010455 0.074822 0.042118 0.026431 0.059872 0.096793 0.000000 0.125445 0.046617 0.027253 0.030978 
0.068280 0.030416 0.051833 0.096251 0.212984 0.161541 0.169285 0.081215 0.021190 0.148390 0.213485 0.106982 0.196639 0.040873 0.089330 0.064945 0.195343 0.045215 0.034497 0.038341 0.039735 0.134602 0.109309 0.093982 0.189726 0.178504 0.170329 0.095631 0.107229 0.125445 0.000000 0.116551 0.036444 0.037114 
0.100163 0.117112 0.042201 0.110466 0.176692 0.127984 0.211655 0.057460 0.038933 0.037492 0.142815 0.281512 0.191912 0.093835 0.141116 0.080602 0.195935 0.212499 0.156249 0.112779 0.118635 0.241004 0.117599 0.034321 0.040059 0.010323 0.048493 0.041771 0.026510 0.046617 0.116551 0.000000 0.049444 0.031677 
0.119033 0.092615 0.062288 0.146358 0.271185 0.185078 0.248283 0.100718 0.016303 0.121499 0.248318 0.227000 0.270524 0.078919 0.034603 0.034401 0.239632 0.150162 0.032986 0.081034 0.037201 0.251105 0.034792 0.021183 0.105124 0.077106 0.057638 0.052513 0.067404 0.027253 0.036444 0.049444 0.000000 0.002697 
0.092731 0.075951 0.041857 0.117434 0.224498 0.150919 0.212046 0.072772 0.008068 0.090934 0.201936 0.208278 0.227933 0.064507 0.054784 0.033610 0.205288 0.137583 0.048692 0.067322 0.045062 0.218448 0.049723 0.020693 0.087799 0.060056 0.054676 0.043051 0.046642 0.030978 0.037114 0.031677 0.002697 0.000000 
