0.000000 0.004759 0.024110 0.006118 0.010797 0.034213 0.025363 0.029632 0.018766 0.078420 0.011032 0.079917 0.010225 0.032836 0.152515 0.105323 0.026416 0.021551 0.056504 0.038347 0.049096 0.093519 0.028524 0.053291 0.057321 0.038467 0.050956 0.072496 0.027080 0.064457 0.086128 0.016848 0.048081 0.055650 
0.004759 0.000000 0.006871 0.021714 0.027456 0.028328 0.025046 0.033203 0.029988 0.079894 0.034649 0.102822 0.022841 0.024083 0.160215 0.108033 0.061758 0.007405 0.068364 0.005503 0.065998 0.103072 0.044118 0.041604 0.059605 0.058126 0.037834 0.076778 0.045509 0.056129 0.079843 0.022393 0.039475 0.048100 
0.024110 0.006871 0.000000 0.016047 0.076485 0.082855 0.059269 0.006059 0.027281 0.007042 0.107630 0.093826 0.049187 0.015724 0.104771 0.041558 0.117809 0.049390 0.037752 0.084121 0.057844 0.043090 0.025997 0.046556 0.049714 0.051273 0.053235 0.064862 0.062767 0.048598 0.058666 0.034780 0.023025 0.029762 
0.006118 0.021714 0.016047 0.000000 0.064743 0.069843 0.044862 0.025026 0.034413 0.039007 0.094696 0.089138 0.044803 0.018345 0.114413 0.036120 0.108850 0.037251 0.029594 0.082186 0.057974 0.052161 0.029432 0.057027 0.038625 0.055681 0.059611 0.049694 0.059168 0.061219 0.074042 0.036766 0.038482 0.045351 
0.010797 0.027456 0.076485 0.064743 0.000000 0.025748 0.023620 0.047432 0.093266 0.087472 0.014177 0.050637 0.040782 0.082934 0.114464 0.122209 0.074853 0.089916 0.051469 0.070557 0.050593 0.036013 0.085562 0.081927 0.077196 0.075814 0.081381 0.087780 0.043342 0.087088 0.109896 0.053801 0.080868 0.083258 
0.034213 0.028328 0.082855 0.069843 0.025748 0.000000 0.018478 0.051632 0.087690 0.113579 0.019650 0.035716 0.063297 0.084759 0.120226 0.137562 0.016759 0.091795 0.037179 0.095747 0.071705 0.050223 0.099063 0.094725 0.086849 0.097660 0.084556 0.096690 0.050759 0.102137 0.118998 0.066603 0.092617 0.095935 
0.025363 0.025046 0.059269 0.044862 0.023620 0.018478 0.000000 0.032988 0.058982 0.101695 0.030767 0.047513 0.051999 0.059013 0.138623 0.122882 0.011830 0.055366 0.031590 0.083270 0.053908 0.075423 0.067508 0.083428 0.071118 0.073739 0.074141 0.082399 0.042034 0.092315 0.108684 0.054159 0.077232 0.082977 
0.029632 0.033203 0.006059 0.025026 0.047432 0.051632 0.032988 0.000488 0.033986 0.081924 0.065786 0.040101 0.045854 0.019869 0.148599 0.092635 0.048584 0.041881 0.051979 0.074377 0.035177 0.088976 0.029532 0.066528 0.041200 0.036661 0.059878 0.051225 0.042705 0.076559 0.089863 0.040454 0.052564 0.062078 
0.018766 0.029988 0.027281 0.034413 0.093266 0.087690 0.058982 0.033986 0.000000 0.031073 0.131894 0.103014 0.072082 0.022374 0.039158 0.083333 0.118044 0.087642 0.044287 0.123056 0.094116 0.036074 0.082505 0.044366 0.076014 0.101673 0.029460 0.102109 0.072685 0.042660 0.016217 0.040060 0.015871 0.008060 
0.078420 0.079894 0.007042 0.039007 0.087472 0.113579 0.101695 0.081924 0.031073 0.000488 0.098203 0.057352 0.041169 0.036818 0.154575 0.067739 0.123974 0.050064 0.043653 0.060516 0.071622 0.076495 0.094587 0.044547 0.067111 0.103150 0.076675 0.080355 0.064629 0.049459 0.077265 0.051098 0.032738 0.044152 
0.011032 0.034649 0.107630 0.094696 0.014177 0.019650 0.030767 0.065786 0.131894 0.098203 0.000488 0.099792 0.057753 0.115417 0.053071 0.139865 0.104589 0.129700 0.092181 0.090704 0.084020 0.078264 0.126322 0.102053 0.096522 0.113043 0.102407 0.104721 0.064808 0.104053 0.128714 0.074444 0.104497 0.104000 
0.079917 0.102822 0.093826 0.089138 0.050637 0.035716 0.047513 0.040101 0.103014 0.057352 0.099792 0.000488 0.059815 0.104989 0.151364 0.062593 0.042773 0.186228 0.062984 0.144559 0.105669 0.099156 0.171559 0.041400 0.075072 0.157180 0.074338 0.113068 0.041923 0.056506 0.073648 0.044763 0.035143 0.041158 
0.010225 0.022841 0.049187 0.044803 0.040782 0.063297 0.051999 0.045854 0.072082 0.041169 0.057753 0.059815 0.000000 0.061414 0.122924 0.085165 0.099845 0.067045 0.043094 0.027812 0.034773 0.052615 0.031398 0.052665 0.052781 0.030551 0.066317 0.062463 0.036739 0.056179 0.084036 0.030488 0.049736 0.052738 
0.032836 0.024083 0.015724 0.018345 0.082934 0.084759 0.059013 0.019869 0.022374 0.036818 0.115417 0.104989 0.061414 0.000000 0.100432 0.041929 0.121331 0.043404 0.042449 0.099362 0.076362 0.034834 0.040611 0.060238 0.052272 0.071676 0.060906 0.070014 0.073294 0.062988 0.067684 0.047525 0.037840 0.044265 
0.152515 0.160215 0.104771 0.114413 0.114464 0.120226 0.138623 0.148599 0.039158 0.154575 0.053071 0.151364 0.122924 0.100432 0.000488 0.158362 0.137426 0.050029 0.060276 0.043420 0.037328 0.033470 0.036456 0.103045 0.155516 0.045705 0.095882 0.171259 0.091676 0.110451 0.097676 0.120144 0.113916 0.116729 
0.105323 0.108033 0.041558 0.036120 0.122209 0.137562 0.122882 0.092635 0.083333 0.067739 0.139865 0.062593 0.085165 0.041929 0.158362 0.000488 0.099913 0.059569 0.037494 0.066125 0.043029 0.094854 0.097316 0.038930 0.052765 0.090706 0.056482 0.048905 0.080894 0.049084 0.040204 0.065739 0.003257 0.031367 
0.026416 0.061758 0.117809 0.108850 0.074853 0.016759 0.011830 0.048584 0.118044 0.123974 0.104589 0.042773 0.099845 0.121331 0.137426 0.099913 0.000488 0.183298 0.080015 0.167874 0.135145 0.103708 0.183319 0.089445 0.049504 0.178889 0.047930 0.052988 0.063407 0.088546 0.079585 0.071415 0.098584 0.088661 
0.021551 0.007405 0.049390 0.037251 0.089916 0.091795 0.055366 0.041881 0.087642 0.050064 0.129700 0.186228 0.067045 0.043404 0.050029 0.059569 0.183298 0.000488 0.098455 0.109048 0.111478 0.085395 0.054173 0.094959 0.057313 0.098394 0.104702 0.076172 0.107542 0.093977 0.107161 0.074700 0.069338 0.076269 
0.056504 0.068364 0.037752 0.029594 0.051469 0.037179 0.031590 0.051979 0.044287 0.043653 0.092181 0.062984 0.043094 0.042449 0.060276 0.037494 0.080015 0.098455 0.000488 0.107063 0.075027 0.023786 0.093674 0.032132 0.065943 0.099076 0.022919 0.086261 0.030784 0.033053 0.034702 0.025414 0.020520 0.005980 
0.038347 0.005503 0.084121 0.082186 0.070557 0.095747 0.083270 0.074377 0.123056 0.060516 0.090704 0.144559 0.027812 0.099362 0.043420 0.066125 0.167874 0.109048 0.107063 0.000488 0.039927 0.089363 0.070878 0.067768 0.065586 0.028876 0.096749 0.068326 0.076537 0.059859 0.095715 0.058850 0.068446 0.065790 
0.049096 0.065998 0.057844 0.057974 0.050593 0.071705 0.053908 0.035177 0.094116 0.071622 0.084020 0.105669 0.034773 0.076362 0.037328 0.043029 0.135145 0.111478 0.075027 0.039927 0.000000 0.061980 0.074730 0.024545 0.037936 0.040467 0.046758 0.054190 0.033884 0.040369 0.039401 0.030410 0.003088 0.029005 
0.093519 0.103072 0.043090 0.052161 0.036013 0.050223 0.075423 0.088976 0.036074 0.076495 0.078264 0.099156 0.052615 0.034834 0.033470 0.094854 0.103708 0.085395 0.023786 0.089363 0.061980 0.000488 0.080394 0.050579 0.100980 0.088953 0.056223 0.119074 0.039231 0.055751 0.049625 0.067442 0.059449 0.064242 
0.028524 0.044118 0.025997 0.029432 0.085562 0.099063 0.067508 0.029532 0.082505 0.094587 0.126322 0.171559 0.031398 0.040611 0.036456 0.097316 0.183319 0.054173 0.093674 0.070878 0.074730 0.080394 0.000000 0.051138 0.072678 0.048755 0.080439 0.090164 0.087814 0.039274 0.064425 0.042066 0.010341 0.015916 
0.053291 0.041604 0.046556 0.057027 0.081927 0.094725 0.083428 0.066528 0.044366 0.044547 0.102053 0.041400 0.052665 0.060238 0.103045 0.038930 0.089445 0.094959 0.032132 0.067768 0.024545 0.050579 0.051138 0.000000 0.033357 0.007828 0.031415 0.002930 0.041720 0.004448 0.030420 0.029476 0.021598 0.010681 
0.057321 0.059605 0.049714 0.038625 0.077196 0.086849 0.071118 0.041200 0.076014 0.067111 0.096522 0.075072 0.052781 0.052272 0.155516 0.052765 0.049504 0.057313 0.065943 0.065586 0.037936 0.100980 0.072678 0.033357 0.000488 0.059136 0.030418 0.003239 0.041921 0.048077 0.053009 0.028583 0.018605 0.024110 
0.038467 0.058126 0.051273 0.055681 0.075814 0.097660 0.073739 0.036661 0.101673 0.103150 0.113043 0.157180 0.030551 0.071676 0.045705 0.090706 0.178889 0.098394 0.099076 0.028876 0.040467 0.088953 0.048755 0.007828 0.059136 0.000488 0.069746 0.076534 0.070179 0.041618 0.042061 0.014353 0.024560 0.035898 
0.050956 0.037834 0.053235 0.059611 0.081381 0.084556 0.074141 0.059878 0.029460 0.076675 0.102407 0.074338 0.066317 0.060906 0.095882 0.056482 0.047930 0.104702 0.022919 0.096749 0.046758 0.056223 0.080439 0.031415 0.030418 0.069746 0.000488 0.029648 0.038569 0.036334 0.033113 0.035785 0.038105 0.032434 
0.072496 0.076778 0.064862 0.049694 0.087780 0.096690 0.082399 0.051225 0.102109 0.080355 0.104721 0.113068 0.062463 0.070014 0.171259 0.048905 0.052988 0.076172 0.086261 0.068326 0.054190 0.119074 0.090164 0.002930 0.003239 0.076534 0.029648 0.000000 0.035163 0.039840 0.027799 0.026068 0.038662 0.019518 
0.027080 0.045509 0.062767 0.059168 0.043342 0.050759 0.042034 0.042705 0.072685 0.064629 0.064808 0.041923 0.036739 0.073294 0.091676 0.080894 0.063407 0.107542 0.030784 0.076537 0.033884 0.039231 0.087814 0.041720 0.041921 0.070179 0.038569 0.035163 0.000000 0.044253 0.064119 0.018280 0.049242 0.044957 
0.064457 0.056129 0.048598 0.061219 0.087088 0.102137 0.092315 0.076559 0.042660 0.049459 0.104053 0.056506 0.056179 0.062988 0.110451 0.049084 0.088546 0.093977 0.033053 0.059859 0.040369 0.055751 0.039274 0.004448 0.048077 0.041618 0.036334 0.039840 0.044253 0.000488 0.032178 0.035989 0.025089 0.017616 
0.086128 0.079843 0.058666 0.074042 0.109896 0.118998 0.108684 0.089863 0.016217 0.077265 0.128714 0.073648 0.084036 0.067684 0.097676 0.040204 0.079585 0.107161 0.034702 0.095715 0.039401 0.049625 0.064425 0.030420 0.053009 0.042061 0.033113 0.027799 0.064119 0.032178 0.000000 0.057272 0.039627 0.033377 
0.016848 0.022393 0.034780 0.036766 0.053801 0.066603 0.054159 0.040454 0.040060 0.051098 0.074444 0.044763 0.030488 0.047525 0.120144 0.065739 0.071415 0.074700 0.025414 0.058850 0.030410 0.067442 0.042066 0.029476 0.028583 0.014353 0.035785 0.026068 0.018280 0.035989 0.057272 0.000691 0.028600 0.029616 
0.048081 0.039475 0.023025 0.038482 0.080868 0.092617 0.077232 0.052564 0.015871 0.032738 0.104497 0.035143 0.049736 0.037840 0.113916 0.003257 0.098584 0.069338 0.020520 0.068446 0.003088 0.059449 0.010341 0.021598 0.018605 0.024560 0.038105 0.038662 0.049242 0.025089 0.039627 0.028600 0.000000 0.006974 
0.055650 0.048100 0.029762 0.045351 0.083258 0.095935 0.082977 0.062078 0.008060 0.044152 0.104000 0.041158 0.052738 0.044265 0.116729 0.031367 0.088661 0.076269 0.005980 0.065790 0.029005 0.064242 0.015916 0.010681 0.024110 0.035898 0.032434 0.019518 0.044957 0.017616 0.033377 0.029616 0.006974 0.000000 
