0.000691 0.029301 0.024686 0.065369 0.062207 0.075944 0.079052 0.043706 0.051235 0.076296 0.060209 0.079223 0.088283 0.061933 0.121435 0.111193 0.091818 0.063569 0.109848 0.059237 0.146140 0.069560 0.123776 0.104386 0.102115 0.119009 0.146907 0.081352 0.094301 0.121079 0.084183 0.093418 0.092627 0.080881 
0.029301 0.000488 0.031564 0.060423 0.086181 0.102807 0.107486 0.054998 0.066245 0.087936 0.084258 0.087740 0.075705 0.043654 0.117358 0.118283 0.118983 0.048709 0.112842 0.051309 0.143213 0.066765 0.117090 0.115903 0.104929 0.123492 0.159510 0.093664 0.077646 0.133737 0.089528 0.090104 0.094898 0.084620 
0.024686 0.031564 0.000000 0.051145 0.080611 0.088696 0.086374 0.049644 0.047447 0.079371 0.080102 0.099150 0.082908 0.042885 0.098876 0.110706 0.098469 0.072141 0.107490 0.068177 0.131039 0.071182 0.111307 0.089417 0.084229 0.103797 0.140891 0.063723 0.084881 0.108819 0.072296 0.077576 0.078739 0.068386 
0.065369 0.060423 0.051145 0.000000 0.117842 0.107596 0.121658 0.048179 0.084722 0.129689 0.113321 0.141374 0.055006 0.050593 0.101536 0.140458 0.118051 0.106273 0.151139 0.092410 0.158275 0.087768 0.126724 0.120208 0.105740 0.137552 0.175560 0.084715 0.114199 0.136101 0.078065 0.112315 0.108508 0.103288 
0.062207 0.086181 0.080611 0.117842 0.000000 0.069330 0.061512 0.079232 0.090315 0.075880 0.012742 0.077256 0.144989 0.118437 0.171246 0.143486 0.087856 0.091947 0.133946 0.106783 0.184231 0.083795 0.174931 0.127746 0.124966 0.139461 0.164068 0.106389 0.141711 0.146116 0.133233 0.128028 0.134753 0.121450 
0.075944 0.102807 0.088696 0.107596 0.069330 0.000488 0.052247 0.070550 0.079936 0.118232 0.062490 0.107407 0.125363 0.129797 0.161522 0.124620 0.031514 0.133234 0.148570 0.107209 0.188824 0.125671 0.163163 0.128910 0.148791 0.161381 0.153026 0.109945 0.161198 0.131688 0.102741 0.150894 0.130960 0.121766 
0.079052 0.107486 0.086374 0.121658 0.061512 0.052247 0.000488 0.094521 0.069042 0.083191 0.064809 0.104217 0.150342 0.127741 0.147666 0.115626 0.044212 0.129192 0.120243 0.118469 0.160712 0.123494 0.154664 0.093150 0.120926 0.122925 0.119871 0.085457 0.147664 0.100702 0.106379 0.122670 0.110208 0.099970 
0.043706 0.054998 0.049644 0.048179 0.079232 0.070550 0.094521 0.000691 0.079427 0.116188 0.071561 0.112673 0.075171 0.076772 0.135608 0.138840 0.090861 0.095222 0.150556 0.083456 0.178072 0.075615 0.147907 0.129178 0.119992 0.148946 0.176744 0.093886 0.128754 0.144190 0.092765 0.126541 0.122173 0.112950 
0.051235 0.066245 0.047447 0.084722 0.090315 0.079936 0.069042 0.079427 0.000488 0.076995 0.091328 0.092338 0.100929 0.078388 0.094827 0.067890 0.078725 0.098031 0.079963 0.067485 0.111058 0.114418 0.088851 0.071989 0.104973 0.101833 0.099012 0.072948 0.089343 0.075209 0.050339 0.082407 0.052611 0.042968 
0.076296 0.087936 0.079371 0.129689 0.075880 0.118232 0.083191 0.116188 0.076995 0.000000 0.086016 0.082328 0.157231 0.102731 0.135949 0.117584 0.121589 0.080849 0.074498 0.106105 0.122914 0.099791 0.136554 0.085293 0.091184 0.079736 0.119883 0.089198 0.094332 0.108850 0.124404 0.069982 0.091352 0.078299 
0.060209 0.084258 0.080102 0.113321 0.012742 0.062490 0.064809 0.071561 0.091328 0.086016 0.000488 0.078791 0.138395 0.118264 0.173181 0.144692 0.084666 0.093630 0.140396 0.103666 0.189960 0.084096 0.176170 0.133833 0.131005 0.147808 0.169750 0.110188 0.145081 0.150742 0.131350 0.134501 0.138316 0.125328 
0.079223 0.087740 0.099150 0.141374 0.077256 0.107407 0.104217 0.112673 0.092338 0.082328 0.078791 0.000488 0.143338 0.126169 0.177016 0.111407 0.124215 0.075261 0.101149 0.072380 0.168227 0.121566 0.149291 0.146413 0.159255 0.155166 0.153240 0.144928 0.114598 0.153977 0.134421 0.130901 0.126044 0.114103 
0.088283 0.075705 0.082908 0.055006 0.144989 0.125363 0.150342 0.075171 0.100929 0.157231 0.138395 0.143338 0.000691 0.077305 0.121344 0.134035 0.138851 0.117453 0.159827 0.077178 0.170882 0.124641 0.118690 0.153540 0.152568 0.173696 0.188750 0.130818 0.118752 0.158722 0.082101 0.141112 0.122450 0.119652 
0.061933 0.043654 0.042885 0.050593 0.118437 0.129797 0.127741 0.076772 0.078388 0.102731 0.118264 0.126169 0.077305 0.000000 0.085739 0.129114 0.138807 0.075750 0.119193 0.081195 0.124871 0.077929 0.105039 0.104321 0.083174 0.106776 0.160080 0.080525 0.068877 0.126054 0.085668 0.072337 0.085266 0.079069 
0.121435 0.117358 0.098876 0.101536 0.171246 0.161522 0.147666 0.135608 0.094827 0.135949 0.173181 0.177016 0.121344 0.085739 0.000000 0.118699 0.153233 0.149330 0.119365 0.130983 0.078696 0.153513 0.073495 0.077115 0.097229 0.093628 0.123064 0.084962 0.097864 0.082946 0.074319 0.080067 0.061527 0.069768 
0.111193 0.118283 0.110706 0.140458 0.143486 0.124620 0.115626 0.138840 0.067890 0.117584 0.144692 0.111407 0.134035 0.129114 0.118699 0.000691 0.117764 0.139087 0.070424 0.088513 0.104439 0.176412 0.069938 0.107392 0.160370 0.137523 0.075783 0.132223 0.106556 0.085978 0.075279 0.119249 0.067024 0.067962 
0.091818 0.118983 0.098469 0.118051 0.087856 0.031514 0.044212 0.090861 0.078725 0.121589 0.084666 0.124215 0.138851 0.138807 0.153233 0.117764 0.000000 0.151291 0.145034 0.122281 0.179058 0.143668 0.158310 0.114940 0.146817 0.153472 0.134084 0.103383 0.166753 0.112265 0.097174 0.149396 0.123523 0.116209 
0.063569 0.048709 0.072141 0.106273 0.091947 0.133234 0.129192 0.095222 0.098031 0.080849 0.093630 0.075261 0.117453 0.075750 0.149330 0.139087 0.151291 0.000488 0.112824 0.071908 0.154853 0.069596 0.140884 0.138387 0.119617 0.131617 0.176257 0.123030 0.077714 0.159868 0.131411 0.097505 0.118665 0.107081 
0.109848 0.112842 0.107490 0.151139 0.133946 0.148570 0.120243 0.150556 0.079963 0.074498 0.140396 0.101149 0.159827 0.119193 0.119365 0.070424 0.145034 0.112824 0.000488 0.102235 0.075011 0.155626 0.087211 0.089927 0.129343 0.094322 0.077876 0.121012 0.074650 0.089682 0.110891 0.077373 0.061454 0.056757 
0.059237 0.051309 0.068177 0.092410 0.106783 0.107209 0.118469 0.083456 0.067485 0.106105 0.103666 0.072380 0.077178 0.081195 0.130983 0.088513 0.122281 0.071908 0.102235 0.000000 0.143417 0.115246 0.100601 0.133154 0.145378 0.148674 0.149468 0.126639 0.081512 0.136995 0.084854 0.114013 0.095182 0.087447 
0.146140 0.143213 0.131039 0.158275 0.184231 0.188824 0.160712 0.178072 0.111058 0.122914 0.189960 0.168227 0.170882 0.124871 0.078696 0.104439 0.179058 0.154853 0.075011 0.143417 0.000691 0.182435 0.070491 0.083640 0.122901 0.082809 0.087934 0.121880 0.087452 0.081620 0.114848 0.075004 0.059634 0.068515 
0.069560 0.066765 0.071182 0.087768 0.083795 0.125671 0.123494 0.075615 0.114418 0.099791 0.084096 0.121566 0.124641 0.077929 0.153513 0.176412 0.143668 0.069596 0.155626 0.115246 0.182435 0.000488 0.174850 0.138575 0.094588 0.132462 0.200190 0.101028 0.122203 0.168898 0.142433 0.111184 0.141535 0.130080 
0.123776 0.117090 0.111307 0.126724 0.174931 0.163163 0.154664 0.147907 0.088851 0.136554 0.176170 0.149291 0.118690 0.105039 0.073495 0.069938 0.158310 0.140884 0.087211 0.100601 0.070491 0.174850 0.000488 0.107031 0.144800 0.125623 0.105464 0.128539 0.078299 0.095037 0.072271 0.099659 0.053782 0.063676 
0.104386 0.115903 0.089417 0.120208 0.127746 0.128910 0.093150 0.129178 0.071989 0.085293 0.133833 0.146413 0.153540 0.104321 0.077115 0.107392 0.114940 0.138387 0.089927 0.133154 0.083640 0.138575 0.107031 0.000488 0.072520 0.048926 0.081606 0.050919 0.109708 0.040242 0.089780 0.062902 0.055909 0.053814 
0.102115 0.104929 0.084229 0.105740 0.124966 0.148791 0.120926 0.119992 0.104973 0.091184 0.131005 0.159255 0.152568 0.083174 0.097229 0.160370 0.146817 0.119617 0.129343 0.145378 0.122901 0.094588 0.144800 0.072520 0.000000 0.054611 0.151249 0.047750 0.111764 0.111602 0.124867 0.059379 0.100777 0.094505 
0.119009 0.123492 0.103797 0.137552 0.139461 0.161381 0.122925 0.148946 0.101833 0.079736 0.147808 0.155166 0.173696 0.106776 0.093628 0.137523 0.153472 0.131617 0.094322 0.148674 0.082809 0.132462 0.125623 0.048926 0.054611 0.000488 0.111388 0.070181 0.101759 0.083755 0.125699 0.042452 0.079043 0.075249 
0.146907 0.159510 0.140891 0.175560 0.164068 0.153026 0.119871 0.176744 0.099012 0.119883 0.169750 0.153240 0.188750 0.160080 0.123064 0.075783 0.134084 0.176257 0.077876 0.149468 0.087934 0.200190 0.105464 0.081606 0.151249 0.111388 0.000488 0.127283 0.137217 0.051839 0.112621 0.117838 0.078198 0.081657 
0.081352 0.093664 0.063723 0.084715 0.106389 0.109945 0.085457 0.093886 0.072948 0.089198 0.110188 0.144928 0.130818 0.080525 0.084962 0.132223 0.103383 0.123030 0.121012 0.126639 0.121880 0.101028 0.128539 0.050919 0.047750 0.070181 0.127283 0.000488 0.116501 0.082285 0.089435 0.072387 0.081832 0.075563 
0.094301 0.077646 0.084881 0.114199 0.141711 0.161198 0.147664 0.128754 0.089343 0.094332 0.145081 0.114598 0.118752 0.068877 0.097864 0.106556 0.166753 0.077714 0.074650 0.081512 0.087452 0.122203 0.078299 0.109708 0.111764 0.101759 0.137217 0.116501 0.000488 0.123450 0.105644 0.060731 0.071021 0.067015 
0.121079 0.133737 0.108819 0.136101 0.146116 0.131688 0.100702 0.144190 0.075209 0.108850 0.150742 0.153977 0.158722 0.126054 0.082946 0.085978 0.112265 0.159868 0.089682 0.136995 0.081620 0.168898 0.095037 0.040242 0.111602 0.083755 0.051839 0.082285 0.123450 0.000000 0.081323 0.091861 0.054594 0.058559 
0.084183 0.089528 0.072296 0.078065 0.133233 0.102741 0.106379 0.092765 0.050339 0.124404 0.131350 0.134421 0.082101 0.085668 0.074319 0.075279 0.097174 0.131411 0.110891 0.084854 0.114848 0.142433 0.072271 0.089780 0.124867 0.125699 0.112621 0.089435 0.105644 0.081323 0.000488 0.105814 0.060934 0.062478 
0.093418 0.090104 0.077576 0.112315 0.128028 0.150894 0.122670 0.126541 0.082407 0.069982 0.134501 0.130901 0.141112 0.072337 0.080067 0.119249 0.149396 0.097505 0.077373 0.114013 0.075004 0.111184 0.099659 0.062902 0.059379 0.042452 0.117838 0.072387 0.060731 0.091861 0.105814 0.000488 0.060043 0.054175 
0.092627 0.094898 0.078739 0.108508 0.134753 0.130960 0.110208 0.122173 0.052611 0.091352 0.138316 0.126044 0.122450 0.085266 0.061527 0.067024 0.123523 0.118665 0.061454 0.095182 0.059634 0.141535 0.053782 0.055909 0.100777 0.079043 0.078198 0.081832 0.071021 0.054594 0.060934 0.060043 0.000488 0.013973 
0.080881 0.084620 0.068386 0.103288 0.121450 0.121766 0.099970 0.112950 0.042968 0.078299 0.125328 0.114103 0.119652 0.079069 0.069768 0.067962 0.116209 0.107081 0.056757 0.087447 0.068515 0.130080 0.063676 0.053814 0.094505 0.075249 0.081657 0.075563 0.067015 0.058559 0.062478 0.054175 0.013973 0.000000 
