0.000000 0.007767 0.004580 0.003686 0.058121 0.005859 0.074916 0.013483 0.056033 0.046172 0.067559 0.034373 0.052705 0.028554 0.072790 0.054383 0.127306 0.006914 0.054199 0.014063 0.039626 0.003348 0.061447 0.034706 0.041399 0.070548 0.086337 0.042314 0.053213 0.060938 0.028754 0.055980 0.022762 0.031657 
0.007767 0.000000 0.003766 0.018079 0.062757 0.044236 0.068019 0.006394 0.052066 0.033232 0.072711 0.030172 0.064601 0.019068 0.066549 0.051317 0.126643 0.010786 0.047556 0.002490 0.041913 0.017219 0.058760 0.038771 0.050850 0.060433 0.086836 0.042022 0.044518 0.049749 0.025457 0.032466 0.025877 0.029218 
0.004580 0.003766 0.000488 0.029713 0.058503 0.083606 0.038060 0.005829 0.016053 0.003365 0.062204 0.032106 0.096876 0.001544 0.026217 0.047314 0.125345 0.032851 0.022694 0.031954 0.042123 0.045660 0.046084 0.022480 0.050609 0.028533 0.078874 0.008937 0.019235 0.057786 0.025056 0.048407 0.017013 0.009379 
0.003686 0.018079 0.029713 0.000000 0.076914 0.080882 0.107864 0.014919 0.084034 0.077338 0.079124 0.040695 0.010720 0.018192 0.103880 0.084598 0.144796 0.066148 0.052003 0.034523 0.056052 0.055636 0.063755 0.047734 0.034549 0.082865 0.099610 0.080393 0.069103 0.087909 0.040537 0.084319 0.032283 0.041547 
0.058121 0.062757 0.058503 0.076914 0.000000 0.050320 0.016268 0.072664 0.025951 0.045413 0.049866 0.086160 0.075810 0.073669 0.046551 0.061266 0.089092 0.037462 0.089294 0.050073 0.031268 0.037633 0.067639 0.044319 0.077609 0.084657 0.050549 0.044721 0.064221 0.078826 0.051392 0.067801 0.040270 0.050531 
0.005859 0.044236 0.083606 0.080882 0.050320 0.000488 0.015522 0.079582 0.028069 0.076919 0.048194 0.107440 0.140047 0.054557 0.058492 0.117156 0.008023 0.098944 0.036230 0.024676 0.047760 0.121588 0.105968 0.035645 0.100852 0.051747 0.107579 0.060418 0.056352 0.102495 0.042785 0.033829 0.072288 0.069598 
0.074916 0.068019 0.038060 0.107864 0.016268 0.015522 0.000000 0.103125 0.049347 0.070346 0.059825 0.130698 0.153045 0.067567 0.080003 0.128709 0.006224 0.082858 0.088460 0.068460 0.032488 0.124129 0.040280 0.065265 0.056451 0.067672 0.072022 0.053568 0.055564 0.124811 0.051520 0.064251 0.031312 0.041950 
0.013483 0.006394 0.005829 0.014919 0.072664 0.079582 0.103125 0.000488 0.085688 0.064087 0.084063 0.051967 0.040609 0.032074 0.108571 0.091988 0.137447 0.046476 0.066583 0.039179 0.049242 0.053935 0.074972 0.052735 0.038842 0.090224 0.101931 0.071945 0.075368 0.099151 0.035549 0.084183 0.037506 0.048681 
0.056033 0.052066 0.016053 0.084034 0.025951 0.028069 0.049347 0.085688 0.000345 0.088775 0.019748 0.088061 0.087493 0.054897 0.025976 0.065750 0.098617 0.081890 0.056721 0.043313 0.045852 0.077694 0.046807 0.025290 0.055481 0.054653 0.048063 0.047915 0.034387 0.063287 0.055981 0.070345 0.016744 0.005694 
0.046172 0.033232 0.003365 0.077338 0.045413 0.076919 0.070346 0.064087 0.088775 0.000000 0.094472 0.120843 0.152431 0.038751 0.128021 0.151987 0.051825 0.048503 0.091821 0.060180 0.028695 0.122105 0.051721 0.072933 0.077893 0.088097 0.045300 0.065482 0.076074 0.152723 0.028453 0.068871 0.027406 0.048030 
0.067559 0.072711 0.062204 0.079124 0.049866 0.048194 0.059825 0.084063 0.019748 0.094472 0.000000 0.057009 0.060690 0.081036 0.052309 0.068210 0.131807 0.061387 0.072951 0.052219 0.069466 0.045409 0.060997 0.031919 0.029519 0.078751 0.064751 0.024206 0.058697 0.053426 0.078664 0.083647 0.050881 0.052608 
0.034373 0.030172 0.032106 0.040695 0.086160 0.107440 0.130698 0.051967 0.088061 0.120843 0.057009 0.000000 0.052347 0.043043 0.098046 0.055197 0.169899 0.104246 0.039479 0.046253 0.079274 0.045049 0.055134 0.037385 0.089492 0.091085 0.102021 0.100453 0.076358 0.064567 0.071057 0.115625 0.039228 0.046138 
0.052705 0.064601 0.096876 0.010720 0.075810 0.140047 0.153045 0.040609 0.087493 0.152431 0.060690 0.052347 0.000000 0.061295 0.103133 0.060089 0.180351 0.142686 0.078396 0.030245 0.071572 0.070562 0.082959 0.058671 0.161502 0.067811 0.061508 0.123937 0.050048 0.059307 0.057335 0.134830 0.062579 0.056883 
0.028554 0.019068 0.001544 0.018192 0.073669 0.054557 0.067567 0.032074 0.054897 0.038751 0.081036 0.043043 0.061295 0.000488 0.065993 0.063011 0.127831 0.044687 0.037592 0.021463 0.052640 0.053802 0.049229 0.049897 0.052798 0.045130 0.085189 0.058285 0.034634 0.046098 0.033061 0.026312 0.034322 0.030408 
0.072790 0.066549 0.026217 0.103880 0.046551 0.058492 0.080003 0.108571 0.025976 0.128021 0.052309 0.098046 0.103133 0.065993 0.000000 0.065127 0.117650 0.123476 0.046167 0.059556 0.071815 0.098438 0.072541 0.027117 0.097852 0.054119 0.068848 0.082879 0.038055 0.054680 0.080260 0.098239 0.012700 0.014139 
0.054383 0.051317 0.047314 0.084598 0.061266 0.117156 0.128709 0.091988 0.065750 0.151987 0.068210 0.055197 0.060089 0.063011 0.065127 0.000000 0.162743 0.132289 0.031519 0.053058 0.081808 0.059688 0.051809 0.036319 0.130364 0.088799 0.040278 0.101329 0.069176 0.044229 0.087254 0.137985 0.015041 0.023428 
0.127306 0.126643 0.125345 0.144796 0.089092 0.008023 0.006224 0.137447 0.098617 0.051825 0.131807 0.169899 0.180351 0.127831 0.117650 0.162743 0.000488 0.069468 0.150032 0.120949 0.089643 0.148897 0.117157 0.126708 0.166186 0.121543 0.078237 0.068950 0.114175 0.162480 0.101708 0.077609 0.111969 0.115794 
0.006914 0.010786 0.032851 0.066148 0.037462 0.098944 0.082858 0.046476 0.081890 0.048503 0.061387 0.104246 0.142686 0.044687 0.123476 0.132289 0.069468 0.000488 0.093575 0.046150 0.050147 0.089116 0.058387 0.042420 0.035788 0.105080 0.043810 0.040347 0.084096 0.147196 0.033940 0.103353 0.033428 0.036918 
0.054199 0.047556 0.022694 0.052003 0.089294 0.036230 0.088460 0.066583 0.056721 0.091821 0.072951 0.039479 0.078396 0.037592 0.046167 0.031519 0.150032 0.093575 0.000488 0.042620 0.080257 0.063864 0.029748 0.053476 0.038606 0.037848 0.084967 0.084938 0.033599 0.045566 0.067672 0.044731 0.048883 0.039249 
0.014063 0.002490 0.031954 0.034523 0.050073 0.024676 0.068460 0.039179 0.043313 0.060180 0.052219 0.046253 0.030245 0.021463 0.059556 0.053058 0.120949 0.046150 0.042620 0.000000 0.037668 0.038521 0.032936 0.021889 0.030563 0.058195 0.065278 0.045184 0.039164 0.053513 0.030485 0.053938 0.018579 0.004056 
0.039626 0.041913 0.042123 0.056052 0.031268 0.047760 0.032488 0.049242 0.045852 0.028695 0.069466 0.079274 0.071572 0.052640 0.071815 0.081808 0.089643 0.050147 0.080257 0.037668 0.000488 0.050600 0.066023 0.047492 0.080426 0.077026 0.064529 0.032854 0.058747 0.090093 0.022467 0.045863 0.030328 0.042182 
0.003348 0.017219 0.045660 0.055636 0.037633 0.121588 0.124129 0.053935 0.077694 0.122105 0.045409 0.045049 0.070562 0.053802 0.098438 0.059688 0.148897 0.089116 0.063864 0.038521 0.050600 0.000000 0.046761 0.037945 0.103971 0.107494 0.073127 0.077310 0.084043 0.092620 0.060386 0.135994 0.030981 0.030786 
0.061447 0.058760 0.046084 0.063755 0.067639 0.105968 0.040280 0.074972 0.046807 0.051721 0.060997 0.055134 0.082959 0.049229 0.072541 0.051809 0.117157 0.058387 0.029748 0.032936 0.066023 0.046761 0.000488 0.047130 0.061448 0.041083 0.051135 0.031481 0.041535 0.078751 0.060001 0.066999 0.044874 0.028076 
0.034706 0.038771 0.022480 0.047734 0.044319 0.035645 0.065265 0.052735 0.025290 0.072933 0.031919 0.037385 0.058671 0.049897 0.027117 0.036319 0.126708 0.042420 0.053476 0.021889 0.047492 0.037945 0.047130 0.000000 0.027942 0.067760 0.066825 0.028048 0.046419 0.010381 0.050401 0.068383 0.018558 0.026600 
0.041399 0.050850 0.050609 0.034549 0.077609 0.100852 0.056451 0.038842 0.055481 0.077893 0.029519 0.089492 0.161502 0.052798 0.097852 0.130364 0.166186 0.035788 0.038606 0.030563 0.080426 0.103971 0.061448 0.027942 0.000345 0.017928 0.100864 0.010318 0.030884 0.133662 0.073009 0.026511 0.048649 0.031848 
0.070548 0.060433 0.028533 0.082865 0.084657 0.051747 0.067672 0.090224 0.054653 0.088097 0.078751 0.091085 0.067811 0.045130 0.054119 0.088799 0.121543 0.105080 0.037848 0.058195 0.077026 0.107494 0.041083 0.067760 0.017928 0.000000 0.045565 0.087976 0.021769 0.055843 0.067466 0.007720 0.050252 0.039921 
0.086337 0.086836 0.078874 0.099610 0.050549 0.107579 0.072022 0.101931 0.048063 0.045300 0.064751 0.102021 0.061508 0.085189 0.068848 0.040278 0.078237 0.043810 0.084967 0.065278 0.064529 0.073127 0.051135 0.066825 0.100864 0.045565 0.000488 0.038014 0.033624 0.010775 0.073741 0.047762 0.063710 0.058847 
0.042314 0.042022 0.008937 0.080393 0.044721 0.060418 0.053568 0.071945 0.047915 0.065482 0.024206 0.100453 0.123937 0.058285 0.082879 0.101329 0.068950 0.040347 0.084938 0.045184 0.032854 0.077310 0.031481 0.028048 0.010318 0.087976 0.038014 0.000345 0.066040 0.114770 0.029436 0.090415 0.029841 0.027475 
0.053213 0.044518 0.019235 0.069103 0.064221 0.056352 0.055564 0.075368 0.034387 0.076074 0.058697 0.076358 0.050048 0.034634 0.038055 0.069176 0.114175 0.084096 0.033599 0.039164 0.058747 0.084043 0.041535 0.046419 0.030884 0.021769 0.033624 0.066040 0.000488 0.044134 0.052292 0.022903 0.026050 0.015066 
0.060938 0.049749 0.057786 0.087909 0.078826 0.102495 0.124811 0.099151 0.063287 0.152723 0.053426 0.064567 0.059307 0.046098 0.054680 0.044229 0.162480 0.147196 0.045566 0.053513 0.090093 0.092620 0.078751 0.010381 0.133662 0.055843 0.010775 0.114770 0.044134 0.000488 0.087890 0.119001 0.009316 0.018210 
0.028754 0.025457 0.025056 0.040537 0.051392 0.042785 0.051520 0.035549 0.055981 0.028453 0.078664 0.071057 0.057335 0.033061 0.080260 0.087254 0.101708 0.033940 0.067672 0.030485 0.022467 0.060386 0.060001 0.050401 0.073009 0.067466 0.073741 0.029436 0.052292 0.087890 0.000488 0.028541 0.027531 0.036227 
0.055980 0.032466 0.048407 0.084319 0.067801 0.033829 0.064251 0.084183 0.070345 0.068871 0.083647 0.115625 0.134830 0.026312 0.098239 0.137985 0.077609 0.103353 0.044731 0.053938 0.045863 0.135994 0.066999 0.068383 0.026511 0.007720 0.047762 0.090415 0.022903 0.119001 0.028541 0.000000 0.007109 0.007751 
0.022762 0.025877 0.017013 0.032283 0.040270 0.072288 0.031312 0.037506 0.016744 0.027406 0.050881 0.039228 0.062579 0.034322 0.012700 0.015041 0.111969 0.033428 0.048883 0.018579 0.030328 0.030981 0.044874 0.018558 0.048649 0.050252 0.063710 0.029841 0.026050 0.009316 0.027531 0.007109 0.000488 0.011151 
0.031657 0.029218 0.009379 0.041547 0.050531 0.069598 0.041950 0.048681 0.005694 0.048030 0.052608 0.046138 0.056883 0.030408 0.014139 0.023428 0.115794 0.036918 0.039249 0.004056 0.042182 0.030786 0.028076 0.026600 0.031848 0.039921 0.058847 0.027475 0.015066 0.018210 0.036227 0.007751 0.011151 0.000000 
