0.000000 0.007131 0.022497 0.023064 0.029620 0.048180 0.041359 0.035352 0.058965 0.107567 0.031041 0.063312 0.050197 0.022802 0.250975 0.202276 0.076190 0.029820 0.300681 0.033308 0.137049 0.031816 0.209349 0.143317 0.109876 0.118691 0.233527 0.109763 0.084868 0.181103 0.090431 0.058128 0.128945 0.101734 
0.007131 0.000000 0.015146 0.031422 0.060257 0.089561 0.076627 0.022194 0.035679 0.081382 0.063097 0.066015 0.071534 0.029474 0.229248 0.159138 0.125004 0.027461 0.249571 0.012605 0.127297 0.039002 0.150307 0.129640 0.131377 0.121359 0.186363 0.116124 0.058313 0.152884 0.049191 0.057802 0.099714 0.075569 
0.022497 0.015146 0.000000 0.018888 0.100839 0.084980 0.086408 0.022549 0.013367 0.038035 0.099785 0.142226 0.076091 0.008287 0.136467 0.091214 0.114475 0.071382 0.175322 0.042677 0.054717 0.075741 0.117164 0.080304 0.093520 0.101965 0.164009 0.061182 0.064901 0.109561 0.041746 0.048402 0.050987 0.038853 
0.023064 0.031422 0.018888 0.000000 0.072124 0.047083 0.079423 0.020081 0.062557 0.057118 0.062201 0.150371 0.021031 0.017729 0.212302 0.160824 0.083370 0.057134 0.292838 0.082515 0.083032 0.105960 0.221806 0.158048 0.129883 0.173258 0.293375 0.101900 0.145451 0.211111 0.101157 0.102381 0.122021 0.107870 
0.029620 0.060257 0.100839 0.072124 0.000000 0.037985 0.031180 0.108583 0.170123 0.238235 0.001752 0.050779 0.062540 0.083561 0.419036 0.382976 0.059751 0.049887 0.502363 0.097082 0.266614 0.046046 0.388963 0.263572 0.163049 0.188634 0.387613 0.200747 0.179797 0.320799 0.218157 0.123353 0.272445 0.230526 
0.048180 0.089561 0.084980 0.047083 0.037985 0.000000 0.020549 0.119263 0.156449 0.193794 0.032473 0.164164 0.052099 0.048018 0.299696 0.316233 0.007731 0.117535 0.434045 0.159693 0.166766 0.097932 0.387510 0.203624 0.092889 0.161417 0.394787 0.116171 0.213233 0.281504 0.240304 0.112543 0.224437 0.198213 
0.041359 0.076627 0.086408 0.079423 0.031180 0.020549 0.000000 0.143866 0.139119 0.228835 0.037643 0.117057 0.107586 0.051568 0.288171 0.318246 0.016261 0.121672 0.387391 0.121497 0.191699 0.041777 0.340717 0.157201 0.058540 0.090517 0.299817 0.100394 0.143225 0.215546 0.218495 0.060305 0.200608 0.167123 
0.035352 0.022194 0.022549 0.020081 0.108583 0.119263 0.143866 0.000000 0.048955 0.037544 0.100165 0.131688 0.046986 0.046973 0.238865 0.135511 0.173882 0.035486 0.270107 0.049218 0.108831 0.118668 0.163449 0.182207 0.201798 0.213391 0.260210 0.154126 0.123529 0.213157 0.051278 0.127508 0.115020 0.100979 
0.058965 0.035679 0.013367 0.062557 0.170123 0.156449 0.139119 0.048955 0.000000 0.037660 0.174341 0.183171 0.150492 0.032577 0.094987 0.048316 0.184136 0.117660 0.098847 0.045608 0.050906 0.098269 0.052309 0.049193 0.105284 0.087550 0.091600 0.060386 0.036428 0.058645 0.016815 0.044868 0.016997 0.009642 
0.107567 0.081382 0.038035 0.057118 0.238235 0.193794 0.228835 0.037544 0.037660 0.000000 0.226916 0.285944 0.123990 0.065250 0.123471 0.041948 0.243778 0.144567 0.153117 0.115913 0.039258 0.215750 0.101869 0.133731 0.201492 0.219885 0.217477 0.118343 0.145203 0.158805 0.046903 0.149402 0.058008 0.063521 
0.031041 0.063097 0.099785 0.062201 0.001752 0.032473 0.037643 0.100165 0.174341 0.226916 0.000000 0.063317 0.045795 0.082371 0.422561 0.381440 0.058159 0.047323 0.515319 0.106906 0.259239 0.062001 0.401139 0.277211 0.173935 0.209692 0.414478 0.205842 0.199351 0.339798 0.222979 0.138566 0.278820 0.239004 
0.063312 0.066015 0.142226 0.150371 0.050779 0.164164 0.117057 0.131688 0.183171 0.285944 0.063317 0.000000 0.155126 0.157439 0.509025 0.413270 0.201336 0.040937 0.507454 0.053934 0.370621 0.040614 0.337512 0.311531 0.267673 0.227165 0.329828 0.301769 0.138788 0.329213 0.181685 0.152777 0.299373 0.248209 
0.050197 0.071534 0.076091 0.021031 0.062540 0.052099 0.107586 0.046986 0.150492 0.123990 0.045795 0.155126 0.000000 0.071245 0.361289 0.287036 0.099702 0.053566 0.468918 0.136461 0.176757 0.152925 0.363480 0.289901 0.221825 0.287739 0.457478 0.203196 0.250639 0.361106 0.188502 0.193896 0.243462 0.222174 
0.022802 0.029474 0.008287 0.017729 0.083561 0.048018 0.051568 0.046973 0.032577 0.065250 0.082371 0.157439 0.071245 0.000000 0.133377 0.121939 0.065013 0.093199 0.202109 0.070815 0.052887 0.071885 0.165258 0.074401 0.055771 0.082356 0.192122 0.038542 0.085150 0.116996 0.084011 0.039196 0.067009 0.053708 
0.250975 0.229248 0.136467 0.212302 0.419036 0.299696 0.288171 0.238865 0.094987 0.123471 0.422561 0.509025 0.361289 0.133377 0.000000 0.045650 0.296121 0.403438 0.039093 0.264855 0.038100 0.304667 0.110084 0.038197 0.117893 0.128238 0.129242 0.050795 0.165333 0.054433 0.158441 0.131582 0.036458 0.054025 
0.202276 0.159138 0.091214 0.160824 0.382976 0.316233 0.318246 0.135511 0.048316 0.041948 0.381440 0.413270 0.287036 0.121939 0.045650 0.000000 0.348769 0.285030 0.039663 0.175225 0.040117 0.281348 0.039230 0.079346 0.200327 0.188279 0.120427 0.105791 0.130885 0.079921 0.060733 0.151570 0.020919 0.036293 
0.076190 0.125004 0.114475 0.083370 0.059751 0.007731 0.016261 0.173882 0.184136 0.243778 0.058159 0.201336 0.099702 0.065013 0.296121 0.348769 0.000000 0.172699 0.441863 0.198236 0.184385 0.107748 0.420862 0.194395 0.068782 0.139689 0.396441 0.106338 0.226949 0.275185 0.286368 0.108563 0.240488 0.213419 
0.029820 0.027461 0.071382 0.057134 0.049887 0.117535 0.121672 0.035486 0.117660 0.144567 0.047323 0.040937 0.053566 0.093199 0.403438 0.285030 0.172699 0.000000 0.427861 0.041382 0.241328 0.077037 0.271319 0.276160 0.253748 0.250023 0.337198 0.244049 0.148029 0.307753 0.113328 0.155453 0.223652 0.189750 
0.300681 0.249571 0.175322 0.292838 0.502363 0.434045 0.387391 0.270107 0.098847 0.153117 0.515319 0.507454 0.468918 0.202109 0.039093 0.039663 0.441863 0.427861 0.000000 0.242513 0.106762 0.324382 0.038595 0.059182 0.205447 0.156901 0.055009 0.124979 0.128329 0.037141 0.120274 0.158340 0.037522 0.052687 
0.033308 0.012605 0.042677 0.082515 0.097082 0.159693 0.121497 0.049218 0.045608 0.115913 0.106906 0.053934 0.136461 0.070815 0.264855 0.175225 0.198236 0.041382 0.242513 0.000000 0.180117 0.039398 0.123976 0.144420 0.175029 0.130157 0.147380 0.160374 0.036168 0.146712 0.038507 0.068308 0.110749 0.082435 
0.137049 0.127297 0.054717 0.083032 0.266614 0.166766 0.191699 0.108831 0.050906 0.039258 0.259239 0.370621 0.176757 0.052887 0.038100 0.040117 0.184385 0.241328 0.106762 0.180117 0.000000 0.227259 0.127472 0.063787 0.103852 0.142895 0.192052 0.038571 0.153358 0.101478 0.105907 0.110095 0.036144 0.046939 
0.031816 0.039002 0.075741 0.105960 0.046046 0.097932 0.041777 0.118668 0.098269 0.215750 0.062001 0.040614 0.152925 0.071885 0.304667 0.281348 0.107748 0.077037 0.324382 0.039398 0.227259 0.000000 0.232431 0.144496 0.105950 0.077391 0.189305 0.138889 0.057308 0.165134 0.132068 0.040428 0.166368 0.127151 
0.209349 0.150307 0.117164 0.221806 0.388963 0.387510 0.340717 0.163449 0.052309 0.101869 0.401139 0.337512 0.363480 0.165258 0.110084 0.039230 0.420862 0.271319 0.038595 0.123976 0.127472 0.232431 0.000000 0.088519 0.237854 0.167490 0.043599 0.159541 0.067777 0.057401 0.035550 0.135630 0.035506 0.038172 
0.143317 0.129640 0.080304 0.158048 0.263572 0.203624 0.157201 0.182207 0.049193 0.133731 0.277211 0.311531 0.289901 0.074401 0.038197 0.079346 0.194395 0.276160 0.059182 0.144420 0.063787 0.144496 0.088519 0.000000 0.045438 0.028662 0.058825 0.020512 0.059014 0.009744 0.106965 0.033179 0.022427 0.019549 
0.109876 0.131377 0.093520 0.129883 0.163049 0.092889 0.058540 0.201798 0.105284 0.201492 0.173935 0.267673 0.221825 0.055771 0.117893 0.200327 0.068782 0.253748 0.205447 0.175029 0.103852 0.105950 0.237854 0.045438 0.000000 0.024280 0.178413 0.017310 0.115343 0.089526 0.201143 0.030820 0.103845 0.089284 
0.118691 0.121359 0.101965 0.173258 0.188634 0.161417 0.090517 0.213391 0.087550 0.219885 0.209692 0.227165 0.287739 0.082356 0.128238 0.188279 0.139689 0.250023 0.156901 0.130157 0.142895 0.077391 0.167490 0.028662 0.024280 0.000000 0.087359 0.042554 0.052202 0.043298 0.156779 0.011667 0.084346 0.064656 
0.233527 0.186363 0.164009 0.293375 0.387613 0.394787 0.299817 0.260210 0.091600 0.217477 0.414478 0.329828 0.457478 0.192122 0.129242 0.120427 0.396441 0.337198 0.055009 0.147380 0.192052 0.189305 0.043599 0.058825 0.178413 0.087359 0.000000 0.144591 0.042468 0.021872 0.100435 0.092237 0.063754 0.055304 
0.109763 0.116124 0.061182 0.101900 0.200747 0.116171 0.100394 0.154126 0.060386 0.118343 0.205842 0.301769 0.203196 0.038542 0.050795 0.105791 0.106338 0.244049 0.124979 0.160374 0.038571 0.138889 0.159541 0.020512 0.017310 0.042554 0.144591 0.000000 0.103270 0.058197 0.139981 0.038170 0.046891 0.043786 
0.084868 0.058313 0.064901 0.145451 0.179797 0.213233 0.143225 0.123529 0.036428 0.145203 0.199351 0.138788 0.250639 0.085150 0.165333 0.130885 0.226949 0.148029 0.128329 0.036168 0.153358 0.057308 0.067777 0.059014 0.115343 0.052202 0.042468 0.103270 0.000000 0.046922 0.047042 0.028582 0.057632 0.036146 
0.181103 0.152884 0.109561 0.211111 0.320799 0.281504 0.215546 0.213157 0.058645 0.158805 0.339798 0.329213 0.361106 0.116996 0.054433 0.079921 0.275185 0.307753 0.037141 0.146712 0.101478 0.165134 0.057401 0.009744 0.089526 0.043298 0.021872 0.058197 0.046922 0.000000 0.098406 0.050784 0.025837 0.022686 
0.090431 0.049191 0.041746 0.101157 0.218157 0.240304 0.218495 0.051278 0.016815 0.046903 0.222979 0.181685 0.188502 0.084011 0.158441 0.060733 0.286368 0.113328 0.120274 0.038507 0.105907 0.132068 0.035550 0.106965 0.201143 0.156779 0.100435 0.139981 0.047042 0.098406 0.000000 0.097127 0.044953 0.036423 
0.058128 0.057802 0.048402 0.102381 0.123353 0.112543 0.060305 0.127508 0.044868 0.149402 0.138566 0.152777 0.193896 0.039196 0.131582 0.151570 0.108563 0.155453 0.158340 0.068308 0.110095 0.040428 0.135630 0.033179 0.030820 0.011667 0.092237 0.038170 0.028582 0.050784 0.097127 0.000000 0.062080 0.041312 
0.128945 0.099714 0.050987 0.122021 0.272445 0.224437 0.200608 0.115020 0.016997 0.058008 0.278820 0.299373 0.243462 0.067009 0.036458 0.020919 0.240488 0.223652 0.037522 0.110749 0.036144 0.166368 0.035506 0.022427 0.103845 0.084346 0.063754 0.046891 0.057632 0.025837 0.044953 0.062080 0.000000 0.002822 
0.101734 0.075569 0.038853 0.107870 0.230526 0.198213 0.167123 0.100979 0.009642 0.063521 0.239004 0.248209 0.222174 0.053708 0.054025 0.036293 0.213419 0.189750 0.052687 0.082435 0.046939 0.127151 0.038172 0.019549 0.089284 0.064656 0.055304 0.043786 0.036146 0.022686 0.036423 0.041312 0.002822 0.000000 
