   1.570796370506    1.608101725578    1.609377622604    1.632792115211    1.643306851387    1.641917943954    1.643150329590    1.637813806534    1.644048452377    1.685345530510    1.647446513176    1.659721732140    1.680080175400    1.625972628593    1.702460408211    1.720929861069    1.684846520424    1.658724784851    1.731858134270    1.648347258568    1.741834878922    1.686534643173    1.705281972885    1.702758312225    1.725465893745    1.723949909210    1.754794955254    1.691102147102    1.670148730278    1.744189977646    1.664005517960    1.699072360992    1.683465361595    1.674772620201 
   1.608101725578    1.570796370506    1.593922019005    1.616622090340    1.670628905296    1.674215197563    1.674562692642    1.630576372147    1.652353167534    1.677397966385    1.676487088203    1.686170220375    1.660343050957    1.600250601768    1.696311473846    1.712388634682    1.713614463806    1.662250399590    1.740413546562    1.659045219421    1.728603482246    1.656873464584    1.716082096100    1.679843306541    1.728296279907    1.714172124863    1.744595050812    1.662353396416    1.661936521530    1.732080936432    1.661448001862    1.692355632782    1.676462769508    1.664345622063 
   1.609377622604    1.593922019005    1.570796608925    1.631200671196    1.669197797775    1.677531123161    1.674397468567    1.623916506767    1.642620682716    1.656144380569    1.683019757271    1.669061779976    1.674751281738    1.620800971985    1.687342762947    1.712233066559    1.714265942574    1.677268981934    1.729148626328    1.656424403191    1.712897896767    1.658955335617    1.705119132996    1.672973871231    1.706930518150    1.697045445442    1.738882660866    1.655704855919    1.653233766556    1.724087357521    1.662183046341    1.675124049187    1.666348218918    1.654199481010 
   1.632792115211    1.616622090340    1.631200671196    1.570796608925    1.674314975739    1.693393349648    1.699956417084    1.622594475746    1.691880822182    1.698301672935    1.669404506683    1.706409573555    1.624933958054    1.626927375793    1.719161391258    1.743879437447    1.740159511566    1.670672535896    1.779377102852    1.663976669312    1.757298707962    1.663850426674    1.760154724121    1.715994000435    1.763963580132    1.754045486450    1.787843227386    1.690770387650    1.701154589653    1.773503899574    1.703113913536    1.733994960785    1.716962933540    1.705750584602 
   1.643306851387    1.670628905296    1.669197797775    1.674314975739    1.570796370506    1.651999711990    1.649236202240    1.667083144188    1.703145503998    1.716614246368    1.625154972076    1.665519952774    1.724543809891    1.682140827179    1.767285943031    1.789876580238    1.699140787125    1.714183330536    1.781112074852    1.701404213905    1.798222780228    1.716343283653    1.735119938850    1.766188144684    1.759901762009    1.762972474098    1.809918403625    1.752573609352    1.698233723640    1.803828954697    1.723548531532    1.739470243454    1.746278762817    1.737715482712 
   1.641917943954    1.674215197563    1.677531123161    1.693393349648    1.651999711990    1.570796608925    1.594834566116    1.704713106155    1.667962670326    1.744500875473    1.637875199318    1.677874207497    1.734506011009    1.677272319794    1.741651296616    1.740389466286    1.623719692230    1.665532588959    1.733392238617    1.683900833130    1.790296316147    1.748778939247    1.700877308846    1.750574231148    1.757251977921    1.763443827629    1.771664142609    1.750617504120    1.706208348274    1.770473480225    1.678031325340    1.736485481262    1.715832829475    1.712829709053 
   1.643150329590    1.674562692642    1.674397468567    1.699956417084    1.649236202240    1.594834566116    1.570796370506    1.705125808716    1.662362575531    1.735248565674    1.651487469673    1.670183062553    1.745310902596    1.678411006927    1.743079543114    1.741509556770    1.623768091202    1.681246161461    1.725684642792    1.693729162216    1.783398747444    1.743225812912    1.681980848312    1.743619680405    1.743239998817    1.747310876846    1.760368585587    1.745498180389    1.689834594727    1.760746836662    1.672477126122    1.720622301102    1.708946108818    1.705376148224 
   1.637813806534    1.630576372147    1.623916506767    1.622594475746    1.667083144188    1.704713106155    1.705125808716    1.570796370506    1.687821507454    1.655294895172    1.682154178619    1.675332188606    1.661254167557    1.655758261681    1.711486458778    1.755200386047    1.749405384064    1.706105828285    1.770739316940    1.663938879967    1.734413385391    1.662132740021    1.750886678696    1.712829232216    1.731126189232    1.730139017105    1.788584113121    1.684908747673    1.691454291344    1.770136356354    1.714541673660    1.712211966515    1.711516618729    1.700350522995 
   1.644048452377    1.652353167534    1.642620682716    1.691880822182    1.703145503998    1.667962670326    1.662362575531    1.687821507454    1.570796608925    1.685999751091    1.708422183990    1.665422797203    1.724868893623    1.665141105652    1.658548831940    1.665970087051    1.676991581917    1.673672199249    1.659912109375    1.657240152359    1.696376681328    1.721714138985    1.657972216606    1.665779232979    1.679969668388    1.687102556229    1.696756362915    1.674811601639    1.671996355057    1.683279156685    1.623554944992    1.662056922913    1.620860576630    1.621110081673 
   1.685345530510    1.677397966385    1.656144380569    1.698301672935    1.716614246368    1.744500875473    1.735248565674    1.655294895172    1.685999751091    1.570796370506    1.746927261353    1.673818349838    1.730348110199    1.701993227005    1.697838187218    1.750769734383    1.773102879524    1.756203174591    1.741664171219    1.700891971588    1.677066922188    1.684172511101    1.725914001465    1.686096668243    1.663357734680    1.667727708817    1.756575584412    1.665823221207    1.679159283638    1.733116984367    1.719793438911    1.659568548203    1.688045382500    1.678546309471 
   1.647446513176    1.676487088203    1.683019757271    1.669404506683    1.625154972076    1.637875199318    1.651487469673    1.682154178619    1.708422183990    1.746927261353    1.570796370506    1.687966942787    1.707881569862    1.683658719063    1.764276981354    1.781638145447    1.688058137894    1.683377385139    1.785960555077    1.685032844543    1.813441276550    1.740055084229    1.756207346916    1.778834104538    1.787402510643    1.794468283653    1.822287201881    1.766120195389    1.731253743172    1.815678238869    1.725489497185    1.769057750702    1.754778027534    1.748496294022 
   1.659721732140    1.686170220375    1.669061779976    1.706409573555    1.665519952774    1.677874207497    1.670183062553    1.675332188606    1.665422797203    1.673818349838    1.687966942787    1.570796370506    1.748197317123    1.710627794266    1.712006688118    1.755565166473    1.700524806976    1.729050755501    1.718313455582    1.672342061996    1.735885858536    1.742717862129    1.701485157013    1.737811565399    1.685346603394    1.720570802689    1.777743101120    1.731198191643    1.703055620193    1.762684822083    1.711826562881    1.698806047440    1.703015804291    1.700764179230 
   1.680080175400    1.660343050957    1.674751281738    1.624933958054    1.724543809891    1.734506011009    1.745310902596    1.661254167557    1.724868893623    1.730348110199    1.707881569862    1.748197317123    1.570796608925    1.664457201958    1.725049376488    1.751165866852    1.777710318565    1.681283473969    1.805236220360    1.677750825882    1.770244359970    1.692621231079    1.801990628242    1.733670353889    1.797179341316    1.788395643234    1.811862945557    1.705895781517    1.746543407440    1.793989777565    1.733039498329    1.770935177803    1.741246938705    1.731832861900 
   1.625972628593    1.600250601768    1.620800971985    1.626927375793    1.682140827179    1.677272319794    1.678411006927    1.655758261681    1.665141105652    1.701993227005    1.683658719063    1.710627794266    1.664457201958    1.570796370506    1.712990522385    1.712854146957    1.714680910110    1.655905008316    1.750511169434    1.679721593857    1.745730638504    1.657171010971    1.720716953278    1.683835864067    1.748248338699    1.725132346153    1.741467475891    1.670176386833    1.663617849350    1.733822107315    1.657092928886    1.703885555267    1.685625314713    1.673145532608 
   1.702460408211    1.696311473846    1.687342762947    1.719161391258    1.767285943031    1.741651296616    1.743079543114    1.711486458778    1.658548831940    1.697838187218    1.764276981354    1.712006688118    1.725049376488    1.712990522385    1.570796608925    1.654706597328    1.751713633537    1.706741094589    1.680518627167    1.659365892410    1.654011845589    1.751815676689    1.730699181557    1.669484972954    1.695154428482    1.716143012047    1.723362326622    1.672500133514    1.736956357956    1.692519664764    1.688188552856    1.702763795853    1.644671201706    1.651387572289 
   1.720929861069    1.712388634682    1.712233066559    1.743879437447    1.789876580238    1.740389466286    1.741509556770    1.755200386047    1.665970087051    1.750769734383    1.781638145447    1.755565166473    1.751165866852    1.712854146957    1.654706597328    1.570796608925    1.735783934593    1.692206144333    1.669277191162    1.704489231110    1.700818896294    1.768759131432    1.714858770370    1.665896058083    1.733167886734    1.729323983192    1.675238370895    1.689899802208    1.737389326096    1.658667087555    1.654405236244    1.715008139610    1.641975760460    1.651488900185 
   1.684846520424    1.713614463806    1.714265942574    1.740159511566    1.699140787125    1.623719692230    1.623768091202    1.749405384064    1.676991581917    1.773102879524    1.688058137894    1.700524806976    1.777710318565    1.714680910110    1.751713633537    1.735783934593    1.570796608925    1.688709974289    1.712409257889    1.712259292603    1.800204277039    1.788167953491    1.685762047768    1.763445615768    1.761164665222    1.771845459938    1.760190725327    1.773500919342    1.727474570274    1.764320969582    1.680836081505    1.745674371719    1.719577312469    1.721404194832 
   1.658724784851    1.662250399590    1.677268981934    1.670672535896    1.714183330536    1.665532588959    1.681246161461    1.706105828285    1.673672199249    1.756203174591    1.683377385139    1.729050755501    1.681283473969    1.655905008316    1.706741094589    1.692206144333    1.688709974289    1.570796370506    1.740368008614    1.661066651344    1.772542715073    1.739663600922    1.741833806038    1.723416090012    1.780383586884    1.777489066124    1.760818839073    1.721062541008    1.731679320335    1.753438353539    1.667211413383    1.753528952599    1.702185392380    1.699659466743 
   1.731858134270    1.740413546562    1.729148626328    1.779377102852    1.781112074852    1.733392238617    1.725684642792    1.770739316940    1.659912109375    1.741664171219    1.785960555077    1.718313455582    1.805236220360    1.750511169434    1.680518627167    1.669277191162    1.712409257889    1.740368008614    1.570796370506    1.722384691238    1.701520919800    1.799852848053    1.663399696350    1.702713489532    1.680053353310    1.706554532051    1.680293083191    1.729118108749    1.734350800514    1.668645381927    1.677161216736    1.691995739937    1.650807976723    1.665706872940 
   1.648347258568    1.659045219421    1.656424403191    1.663976669312    1.701404213905    1.683900833130    1.693729162216    1.663938879967    1.657240152359    1.700891971588    1.685032844543    1.672342061996    1.677750825882    1.679721593857    1.659365892410    1.704489231110    1.712259292603    1.661066651344    1.722384691238    1.570796608925    1.725195169449    1.735697507858    1.741110205650    1.715794801712    1.730641603470    1.752297759056    1.773879766464    1.704457521439    1.731820225716    1.753002405167    1.693417191505    1.730295896530    1.687640190125    1.686839342117 
   1.741834878922    1.728603482246    1.712897896767    1.757298707962    1.798222780228    1.790296316147    1.783398747444    1.734413385391    1.696376681328    1.677066922188    1.813441276550    1.735885858536    1.770244359970    1.745730638504    1.654011845589    1.700818896294    1.800204277039    1.772542715073    1.701520919800    1.725195169449    1.570796370506    1.748649358749    1.734850525856    1.657079815865    1.659963607788    1.670467972755    1.711737036705    1.662607312202    1.730427980423    1.675982475281    1.720688581467    1.673429846764    1.660968661308    1.662920832634 
   1.686534643173    1.656873464584    1.658955335617    1.663850426674    1.716343283653    1.748778939247    1.743225812912    1.662132740021    1.721714138985    1.684172511101    1.740055084229    1.742717862129    1.692621231079    1.657171010971    1.751815676689    1.768759131432    1.788167953491    1.739663600922    1.799852848053    1.735697507858    1.748649358749    1.570796608925    1.760215759277    1.696828365326    1.756182432175    1.716805696487    1.770630598068    1.668169498444    1.667163729668    1.759496212006    1.720537662506    1.707277059555    1.725297808647    1.709052920341 
   1.705281972885    1.716082096100    1.705119132996    1.760154724121    1.735119938850    1.700877308846    1.681980848312    1.750886678696    1.657972216606    1.725914001465    1.756207346916    1.701485157013    1.801990628242    1.720716953278    1.730699181557    1.714858770370    1.685762047768    1.741833806038    1.663399696350    1.741110205650    1.734850525856    1.760215759277    1.570796608925    1.703099012375    1.682150959969    1.676219463348    1.677353143692    1.724982976913    1.670160770416    1.684600591660    1.658673167229    1.656825542450    1.666754722595    1.668156623840 
   1.702758312225    1.679843306541    1.672973871231    1.715994000435    1.766188144684    1.750574231148    1.743619680405    1.712829232216    1.665779232979    1.686096668243    1.778834104538    1.737811565399    1.733670353889    1.683835864067    1.669484972954    1.665896058083    1.763445615768    1.723416090012    1.702713489532    1.715794801712    1.657079815865    1.696828365326    1.703099012375    1.570796370506    1.692821264267    1.657367706299    1.664657711983    1.609524130821    1.676084637642    1.640508294106    1.659791469574    1.650753498077    1.627312779427    1.617541909218 
   1.725465893745    1.728296279907    1.706930518150    1.763963580132    1.759901762009    1.757251977921    1.743239998817    1.731126189232    1.679969668388    1.663357734680    1.787402510643    1.685346603394    1.797179341316    1.748248338699    1.695154428482    1.733167886734    1.761164665222    1.780383586884    1.680053353310    1.730641603470    1.659963607788    1.756182432175    1.682150959969    1.692821264267    1.570796608925    1.642817258835    1.716431617737    1.701839208603    1.701160073280    1.694685935974    1.714809775352    1.639333724976    1.669084906578    1.670848131180 
   1.723949909210    1.714172124863    1.697045445442    1.754045486450    1.762972474098    1.763443827629    1.747310876846    1.730139017105    1.687102556229    1.667727708817    1.794468283653    1.720570802689    1.788395643234    1.725132346153    1.716143012047    1.729323983192    1.771845459938    1.777489066124    1.706554532051    1.752297759056    1.670467972755    1.716805696487    1.676219463348    1.657367706299    1.642817258835    1.570796370506    1.681923866272    1.669948458672    1.658947110176    1.667638301849    1.697235107422    1.597833991051    1.663520693779    1.656774282455 
   1.754794955254    1.744595050812    1.738882660866    1.787843227386    1.809918403625    1.771664142609    1.760368585587    1.788584113121    1.696756362915    1.756575584412    1.822287201881    1.777743101120    1.811862945557    1.741467475891    1.723362326622    1.675238370895    1.760190725327    1.760818839073    1.680293083191    1.773879766464    1.711737036705    1.770630598068    1.677353143692    1.664657711983    1.716431617737    1.681923866272    1.570796608925    1.702562928200    1.708727836609    1.607949614525    1.670901298523    1.678574562073    1.660372376442    1.663886904716 
   1.691102147102    1.662353396416    1.655704855919    1.690770387650    1.752573609352    1.750617504120    1.745498180389    1.684908747673    1.674811601639    1.665823221207    1.766120195389    1.731198191643    1.705895781517    1.670176386833    1.672500133514    1.689899802208    1.773500919342    1.721062541008    1.729118108749    1.704457521439    1.662607312202    1.668169498444    1.724982976913    1.609524130821    1.701839208603    1.669948458672    1.702562928200    1.570796608925    1.675805211067    1.678768873215    1.677621245384    1.662855982780    1.650414705276    1.637541770935 
   1.670148730278    1.661936521530    1.653233766556    1.701154589653    1.698233723640    1.706208348274    1.689834594727    1.691454291344    1.671996355057    1.679159283638    1.731253743172    1.703055620193    1.746543407440    1.663617849350    1.736956357956    1.737389326096    1.727474570274    1.731679320335    1.734350800514    1.731820225716    1.730427980423    1.667163729668    1.670160770416    1.676084637642    1.701160073280    1.658947110176    1.708727836609    1.675805211067    1.570796370506    1.707710027695    1.667456984520    1.641424655914    1.679255604744    1.665682435036 
   1.744189977646    1.732080936432    1.724087357521    1.773503899574    1.803828954697    1.770473480225    1.760746836662    1.770136356354    1.683279156685    1.733116984367    1.815678238869    1.762684822083    1.793989777565    1.733822107315    1.692519664764    1.658667087555    1.764320969582    1.753438353539    1.668645381927    1.753002405167    1.675982475281    1.759496212006    1.684600591660    1.640508294106    1.694685935974    1.667638301849    1.607949614525    1.678768873215    1.707710027695    1.570796370506    1.669832229614    1.665335178375    1.637702465057    1.642928242683 
   1.664005517960    1.661448001862    1.662183046341    1.703113913536    1.723548531532    1.678031325340    1.672477126122    1.714541673660    1.623554944992    1.719793438911    1.725489497185    1.711826562881    1.733039498329    1.657092928886    1.688188552856    1.654405236244    1.680836081505    1.667211413383    1.677161216736    1.693417191505    1.720688581467    1.720537662506    1.658673167229    1.659791469574    1.714809775352    1.697235107422    1.670901298523    1.677621245384    1.667456984520    1.669832229614    1.570796608925    1.674654245377    1.632159709930    1.629253864288 
   1.699072360992    1.692355632782    1.675124049187    1.733994960785    1.739470243454    1.736485481262    1.720622301102    1.712211966515    1.662056922913    1.659568548203    1.769057750702    1.698806047440    1.770935177803    1.703885555267    1.702763795853    1.715008139610    1.745674371719    1.753528952599    1.691995739937    1.730295896530    1.673429846764    1.707277059555    1.656825542450    1.650753498077    1.639333724976    1.597833991051    1.678574562073    1.662855982780    1.641424655914    1.665335178375    1.674654245377    1.570796608925    1.646025300026    1.638320207596 
   1.683465361595    1.676462769508    1.666348218918    1.716962933540    1.746278762817    1.715832829475    1.708946108818    1.711516618729    1.620860576630    1.688045382500    1.754778027534    1.703015804291    1.741246581078    1.685625314713    1.644671201706    1.641975760460    1.719577312469    1.702185392380    1.650807976723    1.687640190125    1.660968661308    1.725297808647    1.666754007339    1.627313852310    1.669084906578    1.663520097733    1.660371661186    1.650414705276    1.679255604744    1.637702465057    1.632159709930    1.646024465561    1.570796608925    1.587326169014 
   1.674772620201    1.664344906807    1.654199481010    1.705750584602    1.737715005875    1.712829709053    1.705376148224    1.700350522995    1.621110081673    1.678546309471    1.748496294022    1.700763702393    1.731832861900    1.673145532608    1.651387572289    1.651488900185    1.721404194832    1.699659466743    1.665707588196    1.686839342117    1.662921428680    1.709052562714    1.668156623840    1.617541909218    1.670848131180    1.656773567200    1.663886904716    1.637541770935    1.665682435036    1.642929077148    1.629253864288    1.638320207596    1.587326169014    1.570796608925 
